1549514998 seed, 60 fps, 800x600, fullScreen=1, version197_mouseSpeed1.000000_musicOff0_musicLoudness1.000000_webRetrySeconds16 58FFC586C8FE431EE91D6C2A662A93F9CF262F2E
16 T 1549514999.620000 mm 400 300 mm 608 324 mm 606 324 mm 605 324 mm 603 324 mm 602 324 mm 600 325 mm 594 326 mm 593 326 mm 593 327 mm 590 327 mm 588 327 mm 587 327 mm 586 327 mm 584 327
1 T 1549515000.185000 
0  
0  
0  
0  
0  
0  
0  
0  
0  
0  
0  
0  
0  
0  
0  
0  
0  
0  
0  
0  
0  
0  
0  
0  
0  
0  
0  
0  
0  
0  
0  
0  
0  
0  
0  
0  
0  
0  
0  
0  
0  
0  
0  
0  
0  
0  
0  
0  
0  
0  
0  
0  
0  
0  
0  
0  
0  
0  
0  
0  
0  
0  
0  
0  
0  
0  
0  
0  
0  
0  
0  
0  
0  
0  
0  
0  
0  
0  
0  
0  
0  
0  
0  
0  
0  
0  
0  
0  
0  
0  
0  
0  
0  
0  
0  
0  
0  
2 T 1549515001.886000 R 
0  
0  
0  
0  
0  
0  
0  
0  
0  
0  
0  
0  
3  mm 581 327 mm 580 327 mm 579 327
0  
0  
1  mm 578 327
2 T 1549515002.681000 T 1549515002.730000 
1 T 1549515002.734000 
1 T 1549515002.751000 
1 T 1549515002.767000 
1 T 1549515002.782000 
1 T 1549515002.799000 
1 T 1549515002.815000 
1 T 1549515002.830000 
1 T 1549515002.847000 
1 T 1549515002.862000 
1 T 1549515002.879000 
1 T 1549515002.895000 
1 T 1549515002.911000 
1 T 1549515002.927000 
1 T 1549515002.943000 
1 T 1549515002.959000 
1 T 1549515002.975000 
1 T 1549515002.991000 
1 T 1549515003.007000 
1 T 1549515003.023000 
1 T 1549515003.039000 
1 T 1549515003.054000 
1 T 1549515003.070000 
1 T 1549515003.086000 
1 T 1549515003.103000 
1 T 1549515003.119000 
1 T 1549515003.135000 
1 T 1549515003.151000 
1 T 1549515003.167000 
1 T 1549515003.183000 
1 T 1549515003.198000 
1 T 1549515003.215000 
1 T 1549515003.230000 
1 T 1549515003.247000 
1 T 1549515003.263000 
1 T 1549515003.279000 
1 T 1549515003.294000 
1 T 1549515003.311000 
1 T 1549515003.327000 
1 T 1549515003.343000 
1 T 1549515003.359000 
1 T 1549515003.375000 
1 T 1549515003.390000 
1 T 1549515003.407000 
1 T 1549515003.422000 
1 T 1549515003.439000 
1 T 1549515003.455000 
1 T 1549515003.470000 
1 T 1549515003.486000 
1 T 1549515003.503000 
1 T 1549515003.519000 
1 T 1549515003.535000 
1 T 1549515003.551000 
1 T 1549515003.566000 
1 T 1549515003.583000 
1 T 1549515003.598000 
2 T 1549515003.615000 mm 578 328
1 T 1549515003.631000 
1 T 1549515003.647000 
2 T 1549515003.663000 mm 576 332
2 T 1549515003.679000 mm 576 334
1 T 1549515003.695000 
1 T 1549515003.712000 
3 T 1549515003.727000 mm 576 335 mm 576 336
2 T 1549515003.743000 mm 576 337
3 T 1549515003.759000 mm 576 339 mm 575 340
1 T 1549515003.775000 
2 T 1549515003.790000 mm 575 343
2  mm 575 344 mm 575 345
1  mm 575 346
1  mm 574 346
2  mm 574 348 mm 572 350
0  
1  mm 572 351
0  
1  mm 571 352
2  mm 571 353 mm 570 354
1  mm 569 356
1  mm 569 357
2  mm 568 357 mm 567 358
1  mm 566 359
1  mm 565 360
2  mm 565 362 mm 564 362
4 T 1549515004.046000 R mm 560 364 mm 560 365
1  mm 559 365
2  mm 558 366 mm 557 367
2  mm 556 368 mm 554 370
1  mm 551 370
2  mm 550 370 mm 549 372
1  mm 548 372
0  
0  
1  mm 547 372
0  
0  
0  
0  
0  
0  
1  mm 546 372
0  
2  mm 545 372 mm 544 373
1  mm 542 374
1  mm 539 375
2  mm 537 376 mm 536 376
2  mm 534 377 mm 532 379
1  mm 531 380
1  mm 528 380
2  mm 527 381 mm 525 382
1  mm 524 383
2  mm 521 384 mm 519 385
2  mm 516 385 mm 514 387
2  mm 509 389 mm 507 390
2  mm 505 391 mm 501 393
2  mm 496 394 mm 493 395
1  mm 490 395
1  mm 489 395
0  
0  
1  mm 489 397
2  mm 485 397 mm 481 400
2  mm 476 402 mm 472 404
2  mm 471 404 mm 469 405
2  mm 468 406 mm 467 408
2  mm 460 410 mm 455 412
2  mm 452 414 mm 448 416
2  mm 444 418 mm 441 418
2  mm 437 420 mm 433 421
2  mm 430 421 mm 423 421
2  mm 417 422 mm 412 423
2  mm 405 424 mm 400 424
2  mm 394 426 mm 390 427
2  mm 387 427 mm 385 427
2  mm 383 427 mm 380 427
2  mm 378 427 mm 377 427
2  mm 374 427 mm 373 427
2  mm 372 427 mm 370 427
2  mm 369 427 mm 368 427
1  mm 365 427
2  mm 361 427 mm 356 427
2  mm 353 427 mm 349 427
2  mm 345 427 mm 342 427
2  mm 338 428 mm 332 428
1  mm 327 428
1  mm 323 428
3  mm 318 428 mm 316 428 mm 312 427
2  mm 307 426 mm 306 426
2  mm 304 425 mm 303 425
1  mm 300 423
2  mm 298 422 mm 297 422
1  mm 296 422
2  mm 296 421 mm 295 421
1  mm 295 420
1  mm 295 419
0  
1  mm 295 418
1  mm 295 416
2  mm 297 414 mm 297 413
2  mm 299 412 mm 301 411
2  mm 303 409 mm 307 406
2  mm 310 405 mm 313 403
2  mm 315 403 mm 317 402
2  mm 320 402 mm 324 400
2  mm 326 400 mm 332 397
2  mm 333 397 mm 336 396
2  mm 338 395 mm 341 394
1  mm 342 394
2  mm 344 393 mm 344 392
2  mm 345 392 mm 347 392
1  mm 348 392
2  mm 349 392 mm 352 392
2  mm 354 391 mm 355 390
2  mm 357 390 mm 358 390
1  mm 359 390
1  mm 360 390
1  mm 361 390
0  
2  mm 362 390 mm 364 390
2  mm 364 389 mm 365 389
0  
0  
0  
0  
2 T 1549515005.647000 R 
0  
0  
0  
0  
0  
0  
0  
2  mm 360 388 mm 359 388
2  mm 358 388 mm 354 388
2  mm 344 386 mm 341 386
2  mm 337 386 mm 330 386
2  mm 324 386 mm 319 386
2  mm 312 386 mm 305 386
2  mm 298 386 mm 291 386
2  mm 287 386 mm 279 386
2  mm 275 386 mm 269 386
2  mm 262 386 mm 259 386
2  mm 255 386 mm 250 386
2  mm 247 386 mm 244 386
2  mm 241 386 mm 238 386
2  mm 235 386 mm 232 386
2  mm 227 386 mm 224 386
2  mm 221 386 mm 217 386
2  mm 214 386 mm 212 386
1  mm 209 386
2  mm 207 386 mm 206 386
2  mm 204 386 mm 203 386
1  mm 202 386
0  
0  
1  mm 201 386
0  
0  
0  
0  
0  
0  
0  
0  
0  
0  
0  
0  
0  
0  
0  
0  
0  
0  
0  
0  
0  
0  
0  
0  
0  
0  
0  
0  
0  
0  
0  
0  
0  
0  
0  
0  
0  
0  
0  
0  
0  
0  
0  
0  
0  
0  
0  
1  mm 202 385
2  mm 207 384 mm 217 380
1  mm 224 374
3  mm 235 367 mm 241 362 mm 248 358
2  mm 257 352 mm 262 349
2  mm 268 347 mm 275 345
2  mm 281 342 mm 283 342
2  mm 289 340 mm 289 339
1  mm 289 338
2  mm 291 336 mm 292 335
2  mm 294 332 mm 296 331
2  mm 297 330 mm 299 328
0  
1  mm 300 327
0  
0  
0  
0  
0  
0  
0  
2 T 1549515007.247000 R 
0  
0  
0  
2  mm 301 325 mm 303 322
2  mm 303 321 mm 306 315
2  mm 309 311 mm 313 305
2  mm 315 301 mm 316 300
1  mm 317 299
0  
1  mb 1 1 317 299
0  
0  
0  
0  
0  
0  
0  
0  
1  mb 1 0 317 299
0  
0  
0  
0  
0  
0  
0  
0  
0  
1  mm 318 299
2  mm 322 299 mm 325 298
2  mm 328 297 mm 329 297
2  mm 331 297 mm 334 296
2  mm 338 296 mm 344 295
2  mm 347 294 mm 352 293
2  mm 358 291 mm 364 290
2  mm 369 289 mm 375 286
2  mm 381 285 mm 384 284
2  mm 387 284 mm 391 283
2  mm 395 283 mm 399 283
2  mm 403 282 mm 408 282
2  mm 415 281 mm 421 281
2  mm 426 280 mm 428 279
2  mm 431 277 mm 438 277
2  mm 442 277 mm 446 277
2  mm 450 277 mm 456 277
2  mm 461 277 mm 464 277
2  mm 468 277 mm 470 277
2  mm 473 277 mm 475 278
2  mm 479 278 mm 480 278
1  mm 482 280
1  mm 484 280
2  mm 487 281 mm 489 281
2  mm 490 282 mm 494 283
2  mm 496 283 mm 497 284
0  
1  mm 499 285
2  mm 500 285 mm 502 285
1  mm 503 285
0  
0  
1  mm 505 285
1  mm 505 287
2  mm 505 288 mm 506 290
2  mm 507 291 mm 507 293
2  mm 507 295 mm 507 297
1  mm 507 298
1  mm 507 300
0  
0  
0  
0  
0  
0  
0  
0  
0  
0  
1  mm 507 301
1  mm 506 301
0  
1  mm 504 301
2  mm 502 301 mm 500 301
2  mm 499 301 mm 497 301
2  mm 494 301 mm 488 301
2  mm 483 302 mm 474 305
2  mm 468 306 mm 461 308
2  mm 456 309 mm 455 309
2  mm 453 310 mm 452 310
0  
0  
0  
0  
0  
1  mm 452 311
1  mm 454 313
1  mm 455 313
0  
1  mm 456 314
1  mm 456 315
3 T 1549515008.847000 R mm 458 316
2  mm 458 319 mm 458 320
1  mm 458 322
2  mm 457 325 mm 455 328
2  mm 453 331 mm 449 337
2  mm 442 342 mm 438 346
2  mm 434 350 mm 431 352
2  mm 427 354 mm 424 356
2  mm 421 358 mm 418 359
2  mm 416 360 mm 413 360
2  mm 412 361 mm 411 361
1  mm 410 361
1  mm 410 362
0  
1  mb 1 1 410 362
0  
0  
0  
0  
1  mb 1 0 410 362
0  
0  
0  
0  
0  
0  
0  
0  
0  
1  mm 410 361
1  mm 410 360
0  
0  
2  mm 410 359 mm 410 358
1  mm 410 357
0  
0  
1  mm 411 356
1  mm 411 355
1  mm 412 354
2  mm 412 353 mm 412 351
2  mm 413 350 mm 413 348
2  mm 414 346 mm 416 345
2  mm 417 339 mm 418 335
2  mm 421 324 mm 423 318
2  mm 425 311 mm 427 300
2  mm 431 289 mm 433 281
2  mm 436 274 mm 440 268
2  mm 442 260 mm 444 258
2  mm 444 255 mm 448 251
2  mm 448 248 mm 448 247
1  mm 448 245
2  mm 448 244 mm 448 242
2  mm 448 241 mm 448 240
1  mm 448 238
3  mm 448 237 mm 448 235 mm 448 234
2  mm 448 232 mm 447 230
2  mm 446 226 mm 445 226
1  mm 445 225
0  
1  mb 1 1 445 225
0  
0  
0  
0  
0  
0  
1  mb 1 0 445 225
0  
0  
1  mm 444 224
1  mm 441 224
2  mm 440 226 mm 438 229
2  mm 437 232 mm 434 237
2  mm 431 245 mm 429 247
2  mm 427 253 mm 423 259
2  mm 420 265 mm 415 272
2  mm 413 277 mm 407 283
2  mm 405 286 mm 403 288
2  mm 400 290 mm 400 292
2  mm 398 294 mm 396 298
2  mm 392 301 mm 391 306
2  mm 391 307 mm 388 310
2  mm 388 311 mm 388 313
2  mm 386 315 mm 386 316
2  mm 385 318 mm 383 321
2  mm 381 323 mm 379 326
2  mm 377 327 mm 377 328
2  mm 375 329 mm 374 329
0  
0  
0  
1  mm 373 329
1  mm 373 328
2  mm 373 327 mm 376 325
2  mm 379 325 mm 383 323
2  mm 387 321 mm 393 319
2  mm 402 318 mm 413 311
2  mm 425 304 mm 436 299
2  mm 445 292 mm 455 285
4 T 1549515010.464000 R mm 462 279 mm 473 271
2  mm 484 265 mm 491 262
2  mm 500 257 mm 508 253
2  mm 513 250 mm 519 246
2  mm 522 244 mm 527 241
2  mm 528 239 mm 529 239
2  mm 531 238 mm 531 237
0  
1  mm 532 236
2  mm 532 234 mm 533 234
2  mm 533 233 mm 534 233
2  mm 534 232 mm 535 231
2  mm 536 229 mm 537 229
1  mm 538 227
1  mm 539 227
2  mm 540 226 mm 541 226
1  mm 541 225
2  mm 543 224 mm 543 223
2  mm 544 223 mm 546 221
0  
0  
0  
0  
0  
0  
0  
0  
0  
0  
0  
0  
0  
0  
0  
0  
0  
0  
0  
0  
0  
0  
0  
0  
0  
2  mm 545 221 mm 540 222
2  mm 535 225 mm 531 226
2  mm 524 226 mm 516 227
2  mm 508 227 mm 495 228
2  mm 490 228 mm 483 228
2  mm 477 230 mm 473 231
2  mm 471 231 mm 468 231
1  mm 466 231
1  mm 465 231
0  
0  
0  
1  mm 463 231
1  mb 1 1 463 231
0  
0  
1  mb 1 0 463 231
0  
0  
0  
0  
0  
1  kd 8 463 231
0  
0  
0  
0  
0  
1  ku 8 463 231
0  
0  
0  
0  
0  
0  
0  
1  kd 8 463 231
0  
0  
0  
1  ku 8 463 231
0  
0  
0  
0  
0  
1  kd 8 463 231
0  
0  
0  
0  
0  
0  
0  
0  
1  ku 8 463 231
2 T 1549515012.063000 R 
0  
0  
0  
0  
0  
1  kd 8 463 231
0  
0  
0  
0  
1  ku 8 463 231
0  
0  
0  
1  mm 462 232
1  kd 8 462 232
1  mm 461 233
0  
0  
0  
2  mm 460 234 mm 460 236
2  mm 460 238 mm 460 240
2  mm 460 243 ku 8 460 243
2  mm 460 244 mm 460 246
1  mm 461 255
2  mm 463 260 mm 465 267
2  mm 468 274 mm 475 281
2  mm 478 287 mm 480 294
2  mm 483 299 mm 485 306
2  mm 488 313 mm 490 322
2  mm 492 327 mm 494 335
2  mm 495 341 mm 496 344
2  mm 497 350 mm 500 355
1  mm 501 356
2  mm 501 358 mm 502 361
0  
1  mm 503 362
0  
1  mm 503 363
2  mm 503 365 mm 503 368
3  mm 503 369 mm 503 371 mb 1 1 503 371
0  
0  
0  
0  
1  mb 1 0 503 371
0  
0  
0  
0  
0  
0  
0  
0  
0  
0  
2  mm 504 372 mm 507 372
1  mm 510 372
2  mm 510 369 mm 518 368
2  mm 521 367 mm 524 365
2  mm 529 363 mm 534 360
2  mm 539 360 mm 541 360
2  mm 544 360 mm 549 357
2  mm 550 356 mm 552 354
2  mm 558 350 mm 561 346
2  mm 565 345 mm 567 342
1  mm 572 338
2  mm 576 336 mm 578 332
3  mm 580 331 mm 585 328 mm 586 327
2  mm 589 326 mm 593 323
2  mm 596 321 mm 599 319
2  mm 605 316 mm 606 315
2  mm 607 314 mm 608 314
2  mm 608 313 mm 609 313
0  
1  mm 610 312
1  mm 611 312
2  mm 613 311 mm 614 309
1  mm 616 309
2  mm 617 308 mm 619 308
1  mm 620 308
1  mm 621 308
0  
1  mm 622 308
1  mm 624 308
1  mm 625 308
2  mm 626 306 mm 627 306
1  mm 628 306
1  mm 631 306
1  mm 633 305
0  
0  
0  
0  
0  
0  
0  
0  
0  
2 T 1549515013.663000 R 
0  
0  
0  
0  
0  
0  
0  
0  
0  
1  mb 1 1 633 305
0  
0  
0  
0  
2 t 1549515013 mb 1 0 633 305
4 r wb 0 0 r r 
3 wb 0 0 r r 
3 wb 0 0 r r 
3 wb 0 0 r r 
3 wb 0 0 r r 
3 wb 0 0 r r 
3 wb 0 0 t 1549515014 r 
3 wb 0 0 r r 
3 wb 0 0 r r 
3 wb 0 0 r r 
3 wb 0 0 r r 
3 wb 0 0 r r 
3 wb 0 0 r r 
4 wb 0 0 r r mm 632 305
4 wb 0 0 r r mm 630 305
5 wb 0 0 r r mm 629 305 mm 628 306
5 wb 0 0 r r mm 624 307 mm 623 309
4 wb 0 0 r r mm 621 310
5 wb 0 0 r r mm 618 310 mm 616 311
5 wb 0 0 r r mm 615 313 mm 615 315
5 wb 0 0 r r mm 614 316 mm 613 317
5 wb 0 0 r r mm 612 317 mm 610 318
4 wb 0 0 r r mm 608 318
5 wb 0 0 r r mm 606 319 mm 603 321
5 wb 0 0 r r mm 601 322 mm 600 324
5 wb 0 0 r r mm 599 324 mm 596 327
4 wb 0 0 r r mm 595 327
4 wb 0 1 wb 0 2 91 bigserver2.onehouronelife.com
8005
197
http://onehouronelife.com/updateServer/server.php
OK wb 0 2 91 bigserver2.onehouronelife.com
8005
197
http://onehouronelife.com/updateServer/server.php
OK T 1549515014.352000 
1 T 1549515014.371000 
1 T 1549515014.383000 
2 T 1549515014.399000 mm 594 327
1 T 1549515014.416000 
1 T 1549515014.431000 
1 T 1549515014.448000 
2 T 1549515014.463000 mm 594 326
2 T 1549515014.480000 mm 594 323
3 T 1549515014.495000 mm 595 321 mm 595 320
1 T 1549515014.511000 
1 T 1549515014.528000 
1 T 1549515014.543000 
1 T 1549515014.560000 
1 T 1549515014.576000 
1 T 1549515014.592000 
1 T 1549515014.608000 
1 T 1549515014.624000 
1 T 1549515014.639000 
1 T 1549515014.656000 
1 T 1549515014.671000 
1 T 1549515014.688000 
1 T 1549515014.704000 
1 T 1549515014.719000 
1 T 1549515014.735000 
1 T 1549515014.751000 
1 T 1549515014.768000 
1 T 1549515014.784000 
1 T 1549515014.799000 
1 T 1549515014.816000 
1 T 1549515014.831000 
1 T 1549515014.847000 
1 T 1549515014.863000 
1 T 1549515014.879000 
1 T 1549515014.896000 
1 T 1549515014.911000 
1 T 1549515014.927000 
1 T 1549515014.944000 
1 T 1549515014.959000 
1 T 1549515014.975000 
1 T 1549515014.991000 
1 T 1549515015.007000 
1 T 1549515015.023000 
1 T 1549515015.039000 
1 T 1549515015.056000 
1 T 1549515015.072000 
1 T 1549515015.087000 
1 T 1549515015.104000 
1 T 1549515015.119000 
1 T 1549515015.136000 
1 T 1549515015.152000 
1 T 1549515015.167000 
1 T 1549515015.184000 
1 T 1549515015.199000 
1 T 1549515015.216000 
1 T 1549515015.232000 
1 T 1549515015.247000 
3 T 1549515015.264000 R R 
1 T 1549515015.279000 
1 T 1549515015.295000 
1 T 1549515015.311000 
1 T 1549515015.327000 
1 T 1549515015.344000 
9 T 1549515015.359000 xs 0 2 23 534E0A3130322F3630300A3235313336380A3139370A23 R xs 0 2 0 R R R T 1549515015.360000 xs 0 0 171 
5 T 1549515015.375000 xs 0 2 0 R R R 
5 T 1549515015.392000 xs 0 2 0 R R R 
5 T 1549515015.407000 xs 0 2 0 R R R 
5 T 1549515015.423000 xs 0 2 0 R R R 
5 T 1549515015.440000 xs 0 2 0 R R R 
5 T 1549515015.455000 xs 0 2 0 R R R 
5 T 1549515015.472000 xs 0 2 0 R R R 
5 T 1549515015.487000 xs 0 2 0 R R R 
5 T 1549515015.504000 xs 0 2 0 R R R 
5 T 1549515015.520000 xs 0 2 0 R R R 
5 T 1549515015.535000 xs 0 2 0 R R R 
5 T 1549515015.552000 xs 0 2 0 R R R 
5 T 1549515015.567000 xs 0 2 0 R R R 
5 T 1549515015.583000 xs 0 2 0 R R R 
5 T 1549515015.600000 xs 0 2 0 R R R 
5 T 1549515015.615000 xs 0 2 0 R R R 
5 T 1549515015.632000 xs 0 2 0 R R R 
5 T 1549515015.647000 xs 0 2 0 R R R 
5 T 1549515015.664000 xs 0 2 0 R R R 
5 T 1549515015.680000 xs 0 2 0 R R R 
5 T 1549515015.695000 xs 0 2 0 R R R 
5 T 1549515015.711000 xs 0 2 0 R R R 
5 T 1549515015.727000 xs 0 2 0 R R R 
5 T 1549515015.743000 xs 0 2 0 R R R 
5 T 1549515015.760000 xs 0 2 0 R R R 
5 T 1549515015.776000 xs 0 2 0 R R R 
5 T 1549515015.791000 xs 0 2 0 R R R 
5 T 1549515015.807000 xs 0 2 0 R R R 
5 T 1549515015.824000 xs 0 2 0 R R R 
5 T 1549515015.840000 xs 0 2 0 R R R 
5 T 1549515015.856000 xs 0 2 0 R R R 
5 T 1549515015.872000 xs 0 2 0 R R R 
5 T 1549515015.887000 xs 0 2 0 R R R 
5 T 1549515015.903000 xs 0 2 0 R R R 
5 T 1549515015.920000 xs 0 2 0 R R R 
7 T 1549515015.935000 xs 0 2 0 R R R mm 597 320 mm 609 320
7 T 1549515015.951000 xs 0 2 0 R R R mm 615 320 mm 629 320
7 T 1549515015.968000 xs 0 2 0 R R R mm 639 321 mm 643 322
7 T 1549515015.983000 xs 0 2 0 R R R mm 646 322 mm 648 323
6 T 1549515016.000000 xs 0 2 0 R R R mm 649 325
5 T 1549515016.015000 xs 0 2 0 R R R 
5 T 1549515016.032000 xs 0 2 0 R R R 
5 T 1549515016.047000 xs 0 2 0 R R R 
5 T 1549515016.063000 xs 0 2 0 R R R 
5 T 1549515016.080000 xs 0 2 0 R R R 
5 T 1549515016.095000 xs 0 2 0 R R R 
5 T 1549515016.111000 xs 0 2 0 R R R 
5 T 1549515016.128000 xs 0 2 0 R R R 
5 T 1549515016.143000 xs 0 2 0 R R R 
5 T 1549515016.160000 xs 0 2 0 R R R 
5 T 1549515016.175000 xs 0 2 10 52454A45435445440A23 xs 0 3 -1 T 1549515016.176000 R 
4 T 1549515016.191000 xs 0 3 -1 R R 
4 T 1549515016.208000 xs 0 3 -1 R R 
4 T 1549515016.225000 xs 0 3 -1 R R 
4 T 1549515016.241000 xs 0 3 -1 R R 
4 T 1549515016.257000 xs 0 3 -1 R R 
4 T 1549515016.272000 xs 0 3 -1 R R 
4 T 1549515016.288000 xs 0 3 -1 R R 
4 T 1549515016.305000 xs 0 3 -1 R R 
4 T 1549515016.321000 xs 0 3 -1 R R 
4 T 1549515016.337000 xs 0 3 -1 R R 
4 T 1549515016.352000 xs 0 3 -1 R R 
6 T 1549515016.368000 xs 0 3 -1 R R R T 1549515016.369000 
1 T 1549515016.385000 
1 T 1549515016.401000 
1 T 1549515016.417000 
1 T 1549515016.433000 
1 T 1549515016.449000 
1 T 1549515016.465000 
1 T 1549515016.481000 
1 T 1549515016.496000 
1 T 1549515016.513000 
1 T 1549515016.529000 
1 T 1549515016.545000 
1 T 1549515016.561000 
1 T 1549515016.577000 
1 T 1549515016.593000 
1 T 1549515016.609000 
1 T 1549515016.624000 
1 T 1549515016.641000 
1 T 1549515016.658000 
1 T 1549515016.673000 
1 T 1549515016.689000 
1 T 1549515016.705000 
1 T 1549515016.721000 
1 T 1549515016.737000 
1 T 1549515016.753000 
1 T 1549515016.769000 
1 T 1549515016.785000 
1 T 1549515016.801000 
2 T 1549515016.817000 mm 650 326
2 T 1549515016.832000 mm 651 326
1 T 1549515016.848000 
3 T 1549515016.865000 R R 
1 T 1549515016.881000 
1 T 1549515016.896000 
1 T 1549515016.912000 
1 T 1549515016.929000 
3 T 1549515016.944000 mm 650 327 mm 646 329
3 T 1549515016.961000 mm 642 330 mm 635 331
3 T 1549515016.977000 mm 625 334 mm 615 335
3 T 1549515016.992000 mm 606 336 mm 595 336
2 T 1549515017.008000 mm 580 341
4 T 1549515017.025000 mm 571 341 mm 565 342 mm 559 342
3 T 1549515017.040000 mm 555 342 mm 547 342
3 T 1549515017.056000 mm 537 342 mm 527 342
2 T 1549515017.073000 mm 501 343
3 T 1549515017.089000 mm 490 343 mm 482 343
3 T 1549515017.105000 mm 472 343 mm 468 343
3 T 1549515017.121000 mm 462 343 mm 458 343
3 T 1549515017.137000 mm 455 343 mm 451 343
3 T 1549515017.153000 mm 448 345 mm 445 345
3 T 1549515017.169000 mm 444 345 mm 443 345
1 T 1549515017.184000 
1 T 1549515017.201000 
1 T 1549515017.217000 
1 T 1549515017.233000 
1 T 1549515017.249000 
1 T 1549515017.265000 
1 T 1549515017.281000 
1 T 1549515017.297000 
1 T 1549515017.312000 
1 T 1549515017.329000 
1 T 1549515017.344000 
2 T 1549515017.360000 mm 444 345
3 T 1549515017.377000 mm 449 344 mm 452 343
3 T 1549515017.392000 mm 454 342 mm 455 341
1 T 1549515017.409000 
1 T 1549515017.426000 
1 T 1549515017.441000 
1 T 1549515017.457000 
1 T 1549515017.472000 
0  
2  mm 455 339 mm 455 337
2  mm 454 335 mm 451 332
2  mm 450 328 mm 448 325
2  mm 445 321 mm 442 317
2  mm 436 310 mm 431 304
2  mm 428 300 mm 428 297
1  mm 425 291
2  mm 425 288 mm 423 285
2  mm 422 282 mm 421 279
2  mm 419 274 mm 416 269
2  mm 415 267 mm 415 263
0  
3  mm 415 261 mm 414 261 mm 413 260
1  mm 413 258
1  mm 413 256
1  mm 413 255
1  mm 413 254
0  
1  mm 413 253
2  mm 413 252 mm 413 251
1  mm 413 250
1  mm 413 249
2  mm 413 248 mm 413 247
1  mm 414 246
0  
0  
1  mm 414 244
1  mm 414 243
0  
1  mm 415 242
0  
1  mm 416 241
0  
0  
0  
0  
0  
0  
0  
0  
0  
0  
0  
0  
0  
0  
0  
0  
0  
0  
0  
0  
0  
0  
1  mm 417 240
0  
2  mm 418 240 mm 418 239
2  mm 419 238 mm 420 236
0  
1  mm 421 234
2 T 1549515018.466000 R 
1  mm 421 233
1  mm 422 232
0  
0  
0  
0  
0  
0  
0  
0  
0  
0  
0  
0  
0  
0  
0  
0  
0  
0  
1  mm 423 231
2  mm 423 230 mm 423 229
1  mm 424 228
1  mm 424 226
1  mm 426 226
1  mm 426 225
2  mm 427 224 mm 427 223
0  
0  
0  
0  
0  
0  
0  
0  
0  
0  
0  
0  
0  
0  
0  
0  
1  mm 428 223
1  mm 430 223
1  mm 431 223
0  
0  
0  
0  
0  
0  
0  
0  
0  
0  
0  
0  
0  
0  
0  
0  
1  mm 432 223
1  mm 432 222
2  mm 432 221 mm 432 220
1  mm 432 219
0  
0  
0  
0  
0  
0  
0  
0  
0  
0  
0  
0  
0  
0  
0  
0  
0  
1  mm 432 218
1  mm 432 217
0  
0  
0  
0  
1  mm 432 216
0  
0  
0  
0  
0  
0  
0  
0  
0  
2 T 1549515020.065000 R 
0  
0  
0  
0  
0  
0  
0  
0  
0  
0  
0  
0  
0  
0  
0  
0  
0  
0  
0  
0  
0  
0  
0  
0  
0  
0  
0  
1  mm 431 216
0  
0  
0  
0  
0  
0  
0  
0  
0  
0  
0  
0  
0  
0  
0  
0  
0  
0  
0  
0  
0  
0  
0  
0  
0  
0  
0  
0  
0  
0  
0  
0  
0  
0  
0  
0  
0  
0  
0  
0  
0  
0  
0  
2  mm 431 218 mm 431 222
0  
1  mm 431 223
2  mm 431 224 mm 431 225
1  mm 431 227
0  
1  mm 431 229
0  
0  
0  
0  
1  mm 431 230
1  mm 431 231
1  mm 432 232
0  
0  
0  
0  
0  
0  
0  
0  
0  
0  
0  
0  
0  
0  
2 T 1549515021.666000 T 1549515021.667000 
0  
0  
0  
0  
0  
0  
0  
0  
0  
0  
0  
0  
0  
0  
0  
0  
0  
0  
0  
0  
0  
0  
0  
0  
0  
0  
0  
0  
0  
0  
0  
0  
0  
0  
0  
0  
0  
0  
0  
0  
0  
0  
0  
0  
0  
0  
0  
0  
0  
0  
0  
0  
0  
0  
0  
0  
0  
0  
0  
0  
0  
0  
0  
0  
0  
0  
0  
0  
0  
0  
0  
0  
0  
0  
0  
0  
0  
0  
0  
0  
0  
0  
0  
0  
0  
0  
0  
0  
0  
0  
0  
0  
0  
0  
0  
0  
0  
0  
0  
2 T 1549515023.267000 R 
0  
0  
0  
0  
0  
0  
0  
0  
0  
0  
0  
0  
0  
0  
0  
0  
0  
0  
1  mm 432 233
1  mm 432 234
0  
0  
0  
0  
0  
0  
0  
0  
0  
1  mm 432 235
1  mm 431 235
0  
0  
0  
0  
1  mm 430 234
2  mm 430 233 mm 429 232
0  
0  
0  
0  
0  
2  mm 428 232 mm 427 231
2  mm 426 230 mm 425 230
1  mm 425 229
0  
0  
0  
0  
0  
0  
0  
0  
0  
1  mm 424 229
1  mm 423 229
0  
1  mm 422 229
1  mm 421 229
0  
0  
0  
0  
0  
0  
0  
0  
1  mm 420 229
1  mm 419 229
0  
0  
0  
0  
0  
0  
0  
0  
0  
0  
0  
0  
0  
0  
0  
0  
0  
0  
0  
3  mm 417 232 mm 415 233 mm 414 234
1  mm 411 237
2  mm 410 238 mm 409 238
1  mm 408 240
2  mm 407 240 mm 406 241
2  mm 405 241 mm 405 242
1  mm 404 243
2  mm 403 244 mm 403 245
2  mm 402 248 mm 402 249
2  mm 402 252 mm 402 255
1  mm 402 258
4 T 1549515024.866000 R mm 402 263 mm 402 265
2  mm 402 270 mm 402 272
2  mm 402 275 mm 402 276
2  mm 402 277 mm 402 280
2  mm 402 282 mm 403 284
1  mm 403 285
0  
1  mm 403 286
0  
0  
0  
0  
0  
0  
0  
0  
1  mm 403 285
2  mm 403 282 mm 404 281
2  mm 404 280 mm 404 279
0  
0  
0  
0  
0  
0  
0  
0  
0  
0  
1  mm 404 278
0  
1  mm 404 277
1  mm 404 276
0  
0  
0  
0  
0  
0  
0  
0  
0  
0  
0  
0  
0  
0  
0  
0  
0  
0  
0  
0  
0  
0  
0  
0  
0  
0  
0  
0  
0  
0  
0  
0  
0  
0  
0  
0  
0  
0  
0  
0  
0  
0  
0  
0  
0  
0  
0  
0  
0  
0  
0  
0  
0  
0  
0  
0  
0  
0  
0  
0  
0  
1  mm 407 276
2  mm 410 276 mm 413 278
2  mm 418 281 mm 420 283
2  mm 425 285 mm 427 287
2  mm 430 288 mm 432 291
2  mm 437 293 mm 439 296
4 T 1549515026.467000 R mm 443 300 mm 449 305
1  mm 456 309
2  mm 460 314 mm 464 317
2  mm 467 321 mm 467 322
1  mm 470 325
3  mm 473 328 mm 474 328 mm 479 332
1  mm 482 340
3  mm 489 349 mm 496 359 mm 505 367
1  mm 511 376
3  mm 513 379 mm 517 384 mm 521 388
1  mm 523 394
2  mm 526 401 mm 531 407
2  mm 532 410 mm 535 414
2  mm 538 418 mm 539 421
1  mm 541 423
1  mm 544 426
2  mm 547 429 mm 547 430
2  mm 548 430 mm 551 431
2  mm 553 432 mm 553 434
2  mm 556 438 mm 558 440
2  mm 564 444 mm 565 449
2  mm 567 452 mm 569 455
1  mm 570 458
1  mm 571 459
1  mm 573 461
2  mm 574 462 mm 575 464
2  mm 576 465 mm 577 468
2  mm 577 469 mm 579 470
0  
1  mm 579 471
0  
1  mm 579 472
1  mm 579 473
1  mm 581 475
1  mm 581 476
1  mm 581 477
0  
0  
0  
0  
1  mm 582 479
2  mm 583 479 mb 1 1 583 479
1  md 586 484
1  md 586 485
0  
0  
0  
0  
0  
0  
1  mb 1 0 586 485
0  
0  
0  
0  
0  
0  
0  
0  
0  
0  
1  mm 585 485
0  
1  mm 583 485
0  
1  mm 582 485
2  mm 580 485 mm 579 485
2  mm 577 485 mm 576 485
3  mm 573 485 mm 568 485 mm 560 483
1  mm 554 483
2  mm 547 480 mm 540 477
2  mm 536 477 mm 531 474
2  mm 524 471 mm 517 470
2  mm 514 469 mm 511 468
2  mm 508 465 mm 502 462
2  mm 496 460 mm 488 456
2  mm 483 453 mm 476 448
2  mm 470 446 mm 465 443
2  mm 461 440 mm 455 436
2  mm 453 434 mm 451 431
2  mm 446 429 mm 445 428
2  mm 443 425 mm 442 422
2  mm 440 419 mm 439 417
2  mm 436 414 mm 432 408
2  mm 431 406 mm 430 404
2  mm 428 400 mm 428 398
3  mm 427 396 mm 427 395 mm 427 393
1  mm 427 392
2  mm 427 390 mm 427 389
1  mm 427 386
3  mm 426 386 mm 426 385 mm 425 382
1  mm 424 379
1  mm 423 377
1  mm 423 376
0  
1  mm 423 375
0  
1  mm 421 372
2  mm 420 369 mm 418 368
1  mm 417 364
3 T 1549515028.067000 R mm 415 360
2  mm 412 355 mm 409 352
2  mm 406 349 mm 402 347
2  mm 400 343 mm 397 340
3  mm 394 336 mm 390 329 mm 388 326
2  mm 387 320 mm 384 318
1  mm 384 317
3  mm 382 314 mm 380 311 mm 379 307
1  mm 378 304
3  mm 377 303 mm 376 300 mm 376 299
1  mm 375 297
2  mm 374 296 mm 373 294
1  mm 373 291
3  mm 372 289 mm 372 287 mm 372 286
1  mm 371 283
2  mm 371 281 mm 371 277
2  mm 371 274 mm 371 270
3  mm 371 268 mm 371 267 mm 371 264
2  mm 371 263 mm 371 262
2  mm 371 259 mm 371 257
0  
2  mm 371 255 mm 372 253
3  mm 372 252 mm 372 250 mm 372 249
0  
1  mm 374 247
2  mm 374 246 mm 375 244
0  
2  mm 375 242 mm 376 240
2  mm 376 239 mm 377 238
2  mm 377 237 mm 378 237
2  mm 378 236 mm 379 236
2  mm 380 236 mm 384 236
2  mm 387 236 mm 394 237
2  mm 398 237 mm 406 240
2  mm 412 241 mm 421 244
2  mm 429 248 mm 441 255
2  mm 455 261 mm 462 265
2  mm 474 270 mm 482 273
1  mm 490 280
1  mm 493 281
0  
2  mm 498 283 mm 505 286
2  mm 510 288 mm 517 291
1  mm 522 294
3  mm 526 297 mm 528 302 mm 534 302
2  mm 537 303 mm 539 303
2  mm 542 305 mm 545 306
2  mm 549 306 mm 553 306
2  mm 557 306 mm 562 306
2  mm 566 306 mm 572 306
2  mm 579 306 mm 584 306
2  mm 590 306 mm 594 306
1  mm 596 306
3  mm 598 306 mm 601 306 mm 604 306
1  mm 605 306
2  mm 609 306 mm 612 306
3  mm 618 309 mm 620 309 mm 623 310
1  mm 625 312
3  mm 628 312 mm 631 313 mm 634 313
1  mm 634 314
0  
0  
0  
0  
0  
0  
0  
0  
0  
0  
0  
0  
0  
0  
0  
2  mm 630 313 mm 625 311
1  mm 620 308
3  mm 613 306 mm 607 302 mm 600 298
2  mm 591 294 mm 576 286
2  mm 564 279 mm 545 274
2  mm 527 268 mm 517 264
2  mm 508 262 mm 501 260
2  mm 496 259 mm 495 259
2  mm 493 257 mm 492 257
0  
0  
0  
1  mm 490 257
0  
3  mm 489 257 mm 487 256 mm 485 256
1  mm 484 256
1  mm 483 256
0  
0  
0  
3  mm 482 256 mm 480 256 mm 478 256
2  mm 474 256 mm 471 256
0  
1  mm 468 254
1  mm 465 252
4 T 1549515029.668000 R mm 463 252 mm 460 250
0  
3  mm 456 250 mm 446 248 mm 442 248
2  mm 438 246 mm 434 246
0  
3  mm 433 245 mm 433 243 mm 433 241
2  mm 433 237 mm 433 234
1  mm 433 233
0  
0  
2  mm 431 233 mm 430 233
1  mm 429 233
0  
0  
0  
1  mm 429 236
2  mm 429 293 mm 429 295
0  
0  
0  
0  
0  
3  mm 428 295 mm 424 296 mm 420 297
1  mm 418 299
1  mm 417 299
0  
0  
0  
0  
0  
0  
0  
0  
0  
0  
0  
0  
0  
0  
0  
0  
0  
0  
0  
0  
0  
0  
0  
0  
0  
0  
0  
1  kd 49 417 299
0  
0  
0  
0  
0  
0  
0  
0  
0  
0  
0  
0  
0  
0  
0  
0  
0  
0  
0  
0  
0  
0  
0  
0  
0  
0  
0  
0  
0  
0  
0  
0  
0  
0  
0  
0  
0  
0  
0  
0  
0  
1  mb 1 1 417 299
0  
0  
0  
0  
0  
2 T 1549515031.267000 R 
1  mb 1 0 417 299
1  mm 416 299
0  
2  mm 416 297 mm 417 297
0  
1  mm 420 296
1  mm 422 296
1  mm 424 295
3  mm 427 295 mm 430 295 mm 433 295
1  mm 438 295
3  mm 441 295 mm 444 295 mm 446 295
2  mm 447 295 mm 448 295
1  mm 449 295
0  
0  
0  
0  
1  mm 450 295
0  
1  mm 451 295
1  mm 451 296
0  
0  
0  
0  
0  
1  mm 453 296
2  mm 455 296 mm 457 297
1  mm 458 297
3  mm 460 297 mm 462 297 mm 465 298
2  mm 469 300 mm 472 300
2  mm 475 300 mm 476 300
3  mm 479 300 mm 481 300 kd 49 481 300
2  mm 482 301 mm 485 301
2  mm 489 301 mm 490 301
2  mm 493 301 mm 494 301
2  mm 496 302 mm 501 302
2  mm 504 304 mm 508 306
2  mm 510 306 mm 514 308
2  mm 516 309 mm 519 309
2  mm 522 309 mm 524 312
2  mm 531 313 mm 533 313
2  mm 535 313 mm 538 313
2  mm 545 314 mm 549 314
2  mm 554 314 mm 560 313
2  mm 563 313 mm 566 311
2  mm 571 310 mm 574 310
2  mm 578 310 mm 580 310
2  mm 583 309 mm 584 309
2  mm 585 309 mm 590 309
2  mm 594 308 mm 595 307
2  mm 599 307 mm 604 307
2  mm 609 306 mm 614 305
2  mm 619 305 mm 621 305
2  mm 625 304 mm 628 304
2  mm 631 304 mm 632 303
2  mm 633 303 mm 634 303
0  
0  
0  
1  mm 635 303
1  mm 636 303
1  mm 637 303
0  
0  
0  
0  
0  
0  
0  
0  
0  
0  
0  
0  
0  
0  
0  
0  
0  
0  
0  
0  
0  
0  
0  
0  
0  
0  
0  
0  
0  
0  
0  
0  
1  mm 634 303
1  mm 633 303
1  mm 631 303
0  
2 T 1549515032.869000 R 
0  
0  
0  
0  
0  
0  
0  
0  
0  
0  
0  
0  
0  
0  
0  
0  
0  
1  mm 629 303
2  mm 628 303 mm 627 303
1  mm 626 303
1  mm 625 303
0  
1  mm 623 303
1  mm 622 303
3  mm 620 303 mm 617 303 kd 49 617 303
2  mm 613 303 mm 611 303
2  mm 607 303 mm 604 303
2  mm 596 303 mm 592 303
2  mm 581 304 mm 579 306
2  mm 569 307 mm 561 309
2  mm 550 310 mm 538 310
2  mm 529 311 mm 522 314
2  mm 515 314 mm 511 314
2  mm 508 314 mm 499 313
2  mm 496 313 mm 489 313
2  mm 487 313 mm 480 313
2  mm 475 313 mm 467 309
2  mm 463 309 mm 462 309
0  
0  
2  mm 461 309 mm 458 308
2  mm 455 308 mm 454 308
0  
1  mm 453 307
0  
1  mm 453 306
2  mm 453 305 mm 453 304
2  mm 453 302 mm 453 300
0  
0  
0  
0  
0  
1  mm 453 298
2  mm 453 297 mb 1 1 453 297
0  
0  
0  
0  
0  
0  
1  mb 1 0 453 297
0  
0  
1  mm 453 296
0  
2  mm 453 293 mm 453 290
1  mm 453 288
0  
2  mm 452 288 kd 49 452 288
0  
0  
0  
0  
0  
0  
0  
0  
0  
0  
0  
0  
0  
0  
0  
0  
0  
0  
0  
0  
0  
0  
0  
0  
1  mm 452 289
1  mb 1 1 452 289
0  
0  
0  
2 T 1549515034.468000 R 
0  
0  
1  mb 1 0 452 289
0  
0  
0  
0  
0  
0  
0  
0  
0  
0  
0  
0  
0  
0  
0  
0  
0  
0  
0  
0  
0  
0  
0  
0  
0  
0  
0  
0  
0  
0  
0  
0  
0  
0  
0  
0  
1  kd 52 452 289
0  
0  
0  
0  
0  
0  
0  
0  
0  
0  
0  
0  
0  
0  
0  
0  
0  
0  
0  
0  
0  
0  
0  
0  
0  
0  
0  
0  
0  
0  
0  
0  
0  
0  
0  
0  
0  
0  
2  mm 453 290 mm 454 290
0  
2  mm 461 290 mm 471 290
2  mm 486 290 mm 501 286
2  mm 516 284 mm 528 282
2  mm 542 282 mm 553 281
2  mm 565 279 mm 577 278
2  mm 586 276 mm 594 275
2  mm 601 275 mm 607 274
2  mm 612 274 mm 614 274
2  mm 616 273 mm 618 273
1  mm 619 273
0  
0  
1  mm 620 273
1  mm 620 274
2  mm 621 275 mm 622 276
2  mm 623 277 mm 624 278
2  mm 624 279 mm 626 280
2  mm 626 281 mm 626 282
2  mm 627 284 mm 628 285
2 T 1549515036.070000 R 
1  mm 629 286
2  mm 629 287 mm 629 288
1  mm 629 290
2  mm 629 291 mb 1 1 629 291
1  md 629 293
1  md 629 294
0  
0  
0  
0  
0  
2 t 1549515036 mb 1 0 629 294
4 r wb 1 0 r r 
3 wb 1 0 r r 
3 wb 1 0 r r 
3 wb 1 0 r r 
3 wb 1 0 r r 
3 wb 1 0 r r 
3 wb 1 0 r r 
3 wb 1 0 r r 
3 wb 1 0 r r 
3 wb 1 0 r r 
3 wb 1 0 r r 
3 wb 1 0 r r 
3 wb 1 0 r r 
3 wb 1 0 r r 
3 wb 1 0 r r 
3 wb 1 0 r r 
3 wb 1 0 r r 
3 wb 1 0 r r 
3 wb 1 0 r r 
3 wb 1 0 r r 
3 wb 1 0 r r 
3 wb 1 0 r r 
3 wb 1 0 r r 
3 wb 1 0 r r 
3 wb 1 0 r r 
3 wb 1 0 r r 
3 wb 1 0 r r 
4 wb 1 1 wb 1 2 91 bigserver2.onehouronelife.com
8005
197
http://onehouronelife.com/updateServer/server.php
OK wb 1 2 91 bigserver2.onehouronelife.com
8005
197
http://onehouronelife.com/updateServer/server.php
OK T 1549515036.710000 
1 T 1549515036.726000 
1 T 1549515036.741000 
1 T 1549515036.757000 
1 T 1549515036.774000 
1 T 1549515036.789000 
1 T 1549515036.805000 
1 T 1549515036.822000 
1 T 1549515036.837000 
1 T 1549515036.854000 
1 T 1549515036.869000 
1 T 1549515036.886000 
3 T 1549515036.901000 mm 627 295 mm 626 295
1 T 1549515036.918000 
1 T 1549515036.933000 
2 T 1549515036.950000 mm 625 295
3 T 1549515036.965000 mm 624 295 mm 623 296
3 T 1549515036.982000 mm 622 297 mm 621 297
2 T 1549515036.997000 mm 620 298
3 T 1549515037.014000 mm 619 299 mm 619 300
3 T 1549515037.029000 mm 617 300 mm 616 302
2 T 1549515037.046000 mm 615 303
3 T 1549515037.061000 mm 614 304 mm 613 304
1 T 1549515037.078000 
2 T 1549515037.093000 mm 613 305
2 T 1549515037.109000 mm 613 306
2 T 1549515037.125000 mm 612 306
2 T 1549515037.142000 mm 611 308
1 T 1549515037.158000 
2 T 1549515037.173000 mm 610 309
1 T 1549515037.190000 
1 T 1549515037.205000 
1 T 1549515037.222000 
1 T 1549515037.237000 
1 T 1549515037.253000 
1 T 1549515037.270000 
1 T 1549515037.285000 
1 T 1549515037.301000 
1 T 1549515037.318000 
1 T 1549515037.333000 
1 T 1549515037.350000 
1 T 1549515037.365000 
1 T 1549515037.381000 
1 T 1549515037.397000 
1 T 1549515037.414000 
1 T 1549515037.430000 
1 T 1549515037.445000 
1 T 1549515037.461000 
1 T 1549515037.477000 
1 T 1549515037.493000 
1 T 1549515037.509000 
1 T 1549515037.525000 
1 T 1549515037.542000 
1 T 1549515037.558000 
1 T 1549515037.573000 
1 T 1549515037.590000 
1 T 1549515037.606000 
1 T 1549515037.621000 
1 T 1549515037.638000 
1 T 1549515037.653000 
3 T 1549515037.670000 R R 
1 T 1549515037.685000 
1 T 1549515037.701000 
9 T 1549515037.718000 xs 1 2 23 534E0A3130352F3630300A3235313338360A3139370A23 R xs 1 2 0 R R R R xs 1 0 171 
5 T 1549515037.734000 xs 1 2 0 R R R 
5 T 1549515037.749000 xs 1 2 0 R R R 
5 T 1549515037.766000 xs 1 2 0 R R R 
5 T 1549515037.781000 xs 1 2 0 R R R 
5 T 1549515037.798000 xs 1 2 0 R R R 
5 T 1549515037.813000 xs 1 2 0 R R R 
5 T 1549515037.829000 xs 1 2 0 R R R 
5 T 1549515037.846000 xs 1 2 0 R R R 
5 T 1549515037.862000 xs 1 2 0 R R R 
5 T 1549515037.878000 xs 1 2 0 R R R 
5 T 1549515037.893000 xs 1 2 0 R R R 
5 T 1549515037.909000 xs 1 2 0 R R R 
5 T 1549515037.926000 xs 1 2 0 R R R 
5 T 1549515037.941000 xs 1 2 0 R R R 
5 T 1549515037.958000 xs 1 2 0 R R R 
5 T 1549515037.973000 xs 1 2 0 T 1549515037.974000 R R 
5 T 1549515037.989000 xs 1 2 0 R R R 
5 T 1549515038.006000 xs 1 2 0 R R R 
5 T 1549515038.021000 xs 1 2 0 R R R 
5 T 1549515038.038000 xs 1 2 0 R R R 
5 T 1549515038.053000 xs 1 2 0 R R R 
5 T 1549515038.069000 xs 1 2 0 R R R 
5 T 1549515038.086000 xs 1 2 0 R R R 
5 T 1549515038.101000 xs 1 2 0 R R R 
5 T 1549515038.118000 xs 1 2 0 R R R 
5 T 1549515038.134000 xs 1 2 0 R R R 
5 T 1549515038.149000 xs 1 2 0 R R R 
5 T 1549515038.165000 xs 1 2 0 R R R 
5 T 1549515038.181000 xs 1 2 0 R R R 
5 T 1549515038.197000 xs 1 2 0 R R R 
5 T 1549515038.213000 xs 1 2 0 R R R 
5 T 1549515038.230000 xs 1 2 0 R R R 
5 T 1549515038.246000 xs 1 2 0 R R R 
5 T 1549515038.262000 xs 1 2 0 R R R 
5 T 1549515038.277000 xs 1 2 0 R R R 
5 T 1549515038.294000 xs 1 2 0 R R R 
5 T 1549515038.309000 xs 1 2 0 R R R 
5 T 1549515038.326000 xs 1 2 0 R R R 
5 T 1549515038.341000 xs 1 2 0 T 1549515038.342000 R R 
5 T 1549515038.357000 xs 1 2 0 R R R 
5 T 1549515038.374000 xs 1 2 0 R R R 
5 T 1549515038.389000 xs 1 2 0 R R R 
5 T 1549515038.405000 xs 1 2 0 R R R 
5 T 1549515038.422000 xs 1 2 0 R R R 
5 T 1549515038.438000 xs 1 2 0 R R R 
5 T 1549515038.453000 xs 1 2 0 R R R 
5 T 1549515038.470000 xs 1 2 0 R R R 
5 T 1549515038.486000 xs 1 2 0 R R R 
5 T 1549515038.501000 xs 1 2 0 R R R 
5 T 1549515038.518000 xs 1 2 0 R R R 
5 T 1549515038.533000 xs 1 2 10 52454A45435445440A23 xs 1 3 -1 T 1549515038.534000 R 
4 T 1549515038.549000 xs 1 3 -1 R R 
4 T 1549515038.566000 xs 1 3 -1 R R 
4 T 1549515038.581000 xs 1 3 -1 R R 
4 T 1549515038.597000 xs 1 3 -1 R R 
4 T 1549515038.614000 xs 1 3 -1 R R 
4 T 1549515038.630000 xs 1 3 -1 R R 
4 T 1549515038.645000 xs 1 3 -1 R R 
4 T 1549515038.662000 xs 1 3 -1 R R 
4 T 1549515038.678000 xs 1 3 -1 R R 
4 T 1549515038.695000 xs 1 3 -1 R R 
4 T 1549515038.710000 xs 1 3 -1 R R 
6 T 1549515038.725000 xs 1 3 -1 R R R R 
1 T 1549515038.742000 
1 T 1549515038.758000 
1 T 1549515038.773000 
1 T 1549515038.791000 
1 T 1549515038.805000 
1 T 1549515038.822000 
1 T 1549515038.837000 
1 T 1549515038.854000 
1 T 1549515038.870000 
1 T 1549515038.886000 
1 T 1549515038.902000 
1 T 1549515038.917000 
1 T 1549515038.934000 
1 T 1549515038.950000 
1 T 1549515038.966000 
1 T 1549515038.982000 
1 T 1549515038.997000 
1 T 1549515039.014000 
1 T 1549515039.030000 
1 T 1549515039.045000 
1 T 1549515039.062000 
1 T 1549515039.079000 
1 T 1549515039.094000 
1 T 1549515039.110000 
1 T 1549515039.125000 
1 T 1549515039.142000 
1 T 1549515039.158000 
1 T 1549515039.174000 
1 T 1549515039.190000 
1 T 1549515039.205000 
1 T 1549515039.222000 
1 T 1549515039.238000 
1 T 1549515039.254000 
3 T 1549515039.270000 R R 
1 T 1549515039.285000 
1 T 1549515039.302000 
1 T 1549515039.319000 
1 T 1549515039.334000 
1 T 1549515039.350000 
1 T 1549515039.365000 
1 T 1549515039.382000 
1 T 1549515039.397000 
1 T 1549515039.414000 
3 T 1549515039.430000 mm 608 309 mm 607 306
3 T 1549515039.446000 mm 607 300 mm 607 299
2 T 1549515039.462000 mm 607 298
3 T 1549515039.478000 mm 608 296 mm 609 294
2 T 1549515039.495000 mm 621 268
3 T 1549515039.509000 mm 638 218 mm 648 179
3 T 1549515039.525000 mm 658 158 mm 666 148
3 T 1549515039.541000 mm 681 134 mm 700 116
3 T 1549515039.557000 mm 718 99 mm 731 87
3 T 1549515039.573000 mm 758 61 mm 778 55
2 T 1549515039.590000 mm 787 52
1 T 1549515039.606000 
1 T 1549515039.622000 
1 T 1549515039.638000 
1 T 1549515039.653000 
1 T 1549515039.670000 
1 T 1549515039.686000 
1 T 1549515039.702000 
1 T 1549515039.718000 
1 T 1549515039.733000 
1 T 1549515039.750000 
1 T 1549515039.766000 
1 T 1549515039.782000 
1 T 1549515039.797000 
1 T 1549515039.814000 
1 T 1549515039.829000 
0  
0  
0  
0  
0  
0  
0  
0  
0  
0  
0  
0  
0  
0  
0  
0  
0  
0  
0  
0  
0  
0  
0  
0  
0  
0  
0  
0  
0  
0  
0  
0  
0  
0  
0  
0  
0  
0  
0  
0  
0  
0  
0  
0  
0  
0  
0  
0  
0  
0  
0  
0  
0  
0  
0  
0  
0  
0  
0  
0  
0  
0  
0  
0  
2 T 1549515040.870000 R 
0  
0  
0  
0  
0  
0  
0  
0  
0  
0  
0  
0  
0  
0  
0  
0  
0  
0  
0  
0  
0  
0  
0  
0  
0  
0  
0  
0  
0  
0  
0  
1  mm 769 49
2  mm 733 64 mm 707 77
2  mm 685 89 mm 664 105
2  mm 643 125 mm 619 148
2  mm 588 178 mm 556 209
2  mm 524 239 mm 497 271
2  mm 467 293 mm 445 312
2  mm 417 336 mm 388 364
2  mm 360 387 mm 334 411
2  mm 313 430 mm 287 449
2  mm 266 465 mm 253 478
2  mm 235 491 mm 226 497
2  mm 219 501 mm 215 503
1  mm 214 503
0  
0  
0  
0  
0  
2  mm 212 503 mm 211 503
0  
2  mm 208 503 mm 208 502
1  mm 208 500
2  mm 208 497 mm 208 493
2  mm 208 486 mm 208 483
2  mm 210 478 mm 214 468
2  mm 220 458 mm 225 449
2  mm 234 437 mm 243 426
2  mm 252 416 mm 261 404
2  mm 269 393 mm 275 382
2  mm 287 370 mm 295 360
2  mm 302 348 mm 308 340
2  mm 314 330 mm 318 325
1  mm 321 322
1  mm 322 320
0  
0  
0  
2  mm 321 320 mm 317 320
2  mm 317 321 mm 315 322
2  mm 309 327 mm 308 330
2  mm 301 339 mm 294 344
2  mm 286 349 mm 279 357
2  mm 271 363 mm 263 370
2  mm 256 375 mm 250 378
2  mm 244 382 mm 236 386
2  mm 232 388 mm 225 391
2  mm 220 393 mm 219 395
2  mm 215 396 mm 211 397
2  mm 208 397 mm 206 398
1  mm 206 400
2  mm 205 400 mm 203 400
2  mm 202 401 mm 199 401
2  mm 198 401 mm 196 401
2  mm 194 401 mm 193 401
1  mm 190 401
2  mm 189 401 mm 188 401
2  mm 187 401 mm 186 401
1  mm 186 400
1  mm 184 398
2  mm 183 398 mm 183 397
2  mm 182 396 mm 180 395
1  mm 179 393
2  mm 179 391 mm 178 390
2  mm 177 389 mm 177 388
2  mm 176 388 mm 176 387
0  
1  mm 176 386
2 T 1549515042.469000 R 
0  
0  
0  
0  
0  
1  mm 175 385
0  
0  
1  mb 1 1 175 385
0  
0  
0  
0  
0  
0  
0  
2 F 62.539078 mb 1 0 175 385
1 F 62.539078 
3 af 0 af 1 F 62.539078 
1 F 62.539078 
1 F 62.539078 
1 F 62.539078 
1 F 62.539078 
1 F 62.539078 
1 F 62.539078 
1 F 62.539078 
1 F 62.539078 
1 F 62.539078 
1 F 62.539078 
1 F 62.539078 
1 F 62.539078 
1 F 62.539078 
1 F 62.539078 
1 F 62.539078 
1 F 62.539078 
2 F 62.539078 mm 176 386
2 F 62.539078 mm 178 388
3 F 62.539078 mm 179 389 mm 179 390
2 F 62.539078 mm 180 391
2 F 62.539078 mm 180 392
2 F 62.539078 mm 181 393
1 F 62.539078 
1 F 62.539078 
1 F 62.539078 
2 F 62.539078 mm 181 394
2 F 62.539078 mm 183 396
1 F 62.539078 
3 F 62.539078 mm 186 396 mm 187 396
3 F 62.539078 mm 189 397 mm 194 401
3 F 62.539078 mm 199 403 mm 204 404
3 F 62.539078 mm 210 404 mm 212 405
3 F 62.539078 mm 213 405 mm 216 406
3 F 62.539078 mm 222 407 mm 231 409
2 F 62.539078 mm 238 412
4 F 62.539078 mm 246 412 mm 253 413 mm 263 415
3 F 62.539078 mm 273 416 mm 281 416
3 F 62.539078 mm 288 417 mm 296 417
3 F 62.539078 mm 303 417 mm 310 417
3 F 62.539078 mm 317 417 mm 319 417
3 F 62.539078 mm 322 417 mm 325 417
3 F 62.539078 mm 328 417 mm 331 417
3 F 62.539078 mm 333 417 mm 336 417
3 F 62.539078 mm 338 417 mm 340 417
2 F 62.539078 mm 342 417
2 F 62.539078 mm 343 417
1 F 62.539078 
1 F 62.539078 
1 F 62.539078 
1 F 62.539078 
1 F 62.539078 
1 F 62.539078 
1 F 62.539078 
1 F 62.539078 
1 F 62.539078 
1 F 62.539078 
1 F 62.539078 
1 F 62.539078 
1 F 62.539078 
1 F 62.539078 
1 F 62.539078 
1 F 62.539078 
1 F 62.539078 
2 F 62.539078 mm 343 416
2 F 62.539078 mm 342 415
2 F 62.539078 mm 340 414
2 F 62.539078 mm 340 413
2 F 62.539078 mm 338 413
3 F 62.539078 mm 337 413 mm 337 412
3 F 62.539078 mm 336 412 mm 334 412
3 F 62.539078 mm 332 411 mm 331 411
3 F 62.539078 mm 328 411 mm 326 411
3 F 62.539078 mm 322 411 mm 319 411
3 F 62.539078 mm 316 411 mm 311 411
3 F 62.539078 mm 303 412 mm 297 414
3 F 62.539078 mm 288 418 mm 280 420
3 F 62.539078 mm 273 422 mm 262 425
3 F 62.539078 mm 252 426 mm 242 428
3 F 62.539078 mm 233 431 mm 224 436
3 F 62.539078 mm 223 436 mm 220 436
4 T 1549515044.069000 T 1549515044.070000 F 62.500004 mm 214 438
3 F 62.500004 mm 207 438 mm 201 442
3 F 62.500004 mm 195 443 mm 189 447
3 F 62.500004 mm 182 449 mm 177 450
3 F 62.500004 mm 169 453 mm 163 455
3 F 62.500004 mm 155 458 mm 151 460
3 F 62.500004 mm 147 462 mm 140 464
3 F 62.500004 mm 137 467 mm 131 468
3 F 62.500004 mm 124 471 mm 115 473
3 F 62.500004 mm 112 474 mm 108 476
3 F 62.500004 mm 105 477 mm 102 477
3 F 62.500004 mm 101 477 mm 99 477
3 F 62.500004 mm 96 477 mm 96 478
3 F 62.500004 mm 91 480 mm 89 480
3 F 62.500004 mm 87 480 mm 86 481
3 F 62.500004 mm 84 481 mm 83 482
2 F 62.500004 mm 82 482
2 F 62.500004 mm 82 483
2 F 62.500004 mm 80 484
2 F 62.500004 mm 79 484
1 F 62.500004 
3 F 62.500004 mm 78 484 mm 77 484
2 F 62.500004 mm 77 485
2 F 62.500004 mm 76 485
2 F 62.500004 mm 75 485
2 F 62.500004 mm 73 486
1 F 62.500004 
1 F 62.500004 
1 F 62.500004 
2 F 62.500004 mm 72 487
1 F 62.500004 
2 F 62.500004 mm 71 487
1 F 62.500004 
1 F 62.500004 
1 F 62.500004 
1 F 62.500004 
1 F 62.500004 
1 F 62.500004 
1 F 62.500004 
1 F 62.500004 
1 F 62.500004 
1 F 62.500004 
1 F 62.500004 
1 F 62.500004 
1 F 62.500004 
1 F 62.500004 
1 F 62.500004 
2 F 62.500004 mb 1 1 71 487
1 F 62.500004 
1 F 62.500004 
1 F 62.500004 
1 F 62.500004 
1 F 62.500004 
1 F 62.500004 
1 F 62.500004 
3 T 1549515044.950000 R mb 1 0 71 487
1 T 1549515044.966000 
1 T 1549515044.982000 
1 T 1549515044.998000 
1 T 1549515045.014000 
1 T 1549515045.030000 
1 T 1549515045.046000 
1 T 1549515045.062000 
2 T 1549515045.077000 mm 70 487
3 T 1549515045.093000 mm 74 486 mm 81 481
3 T 1549515045.109000 mm 88 479 mm 97 475
3 T 1549515045.126000 mm 109 469 mm 120 458
3 T 1549515045.141000 mm 135 449 mm 148 438
3 T 1549515045.158000 mm 182 418 mm 215 400
3 T 1549515045.175000 mm 259 379 mm 299 352
3 T 1549515045.190000 mm 319 336 mm 376 303
3 T 1549515045.205000 mm 433 270 mm 493 234
3 T 1549515045.221000 mm 548 195 mm 605 166
3 T 1549515045.238000 mm 664 131 mm 715 98
2 T 1549515045.254000 mm 772 68
1 T 1549515045.270000 
1 T 1549515045.285000 
1 T 1549515045.302000 
1 T 1549515045.318000 
1 T 1549515045.334000 
1 T 1549515045.350000 
1 T 1549515045.366000 
1 T 1549515045.382000 
1 T 1549515045.398000 
1 T 1549515045.414000 
1 T 1549515045.430000 
1 T 1549515045.446000 
1 T 1549515045.462000 
1 T 1549515045.478000 
1 T 1549515045.493000 
1 T 1549515045.510000 
1 T 1549515045.526000 
1 T 1549515045.542000 
1 T 1549515045.558000 
1 T 1549515045.574000 
1 T 1549515045.590000 
1 T 1549515045.606000 
1 T 1549515045.622000 
1 T 1549515045.637000 
1 T 1549515045.654000 
3 T 1549515045.669000 R T 1549515045.670000 
1 T 1549515045.686000 
1 T 1549515045.702000 
1 T 1549515045.718000 
1 T 1549515045.734000 
1 T 1549515045.750000 
1 T 1549515045.766000 
1 T 1549515045.782000 
1 T 1549515045.797000 
1 T 1549515045.814000 
1 T 1549515045.830000 
1 T 1549515045.846000 
1 T 1549515045.861000 
1 T 1549515045.878000 
1 T 1549515045.893000 
1 T 1549515045.910000 
1 T 1549515045.926000 
1 T 1549515045.941000 
1 T 1549515045.958000 
1 T 1549515045.975000 
1 T 1549515045.991000 
1 T 1549515046.006000 
1 T 1549515046.021000 
1 T 1549515046.037000 
1 T 1549515046.054000 
0  
0  
0  
0  
0  
0  
0  
0  
0  
0  
0  
0  
0  
0  
0  
0  
0  
0  
0  
0  
0  
0  
0  
0  
0  
0  
0  
0  
0  
0  
0  
0  
0  
0  
0  
0  
0  
0  
0  
0  
0  
0  
0  
0  
0  
0  
0  
0  
0  
0  
0  
0  
0  
0  
0  
0  
0  
0  
0  
0  
0  
0  
0  
0  
0  
0  
0  
0  
0  
0  
0  
0  
0  
0  
0  
2 T 1549515047.270000 R 
0  
0  
0  
0  
0  
0  
0  
0  
0  
0  
0  
0  
0  
0  
0  
0  
0  
0  
0  
0  
0  
0  
0  
0  
0  
0  
0  
0  
0  
0  
0  
0  
0  
0  
0  
0  
0  
0  
0  
0  
0  
0  
0  
0  
0  
0  
0  
0  
0  
0  
0  
0  
0  
0  
0  
0  
0  
0  
0  
0  
0  
0  
0  
0  
0  
0  
0  
0  
0  
0  
0  
0  
0  
0  
0  
0  
0  
0  
0  
0  
0  
0  
0  
0  
0  
0  
0  
0  
0  
0  
0  
0  
0  
0  
0  
0  
0  
0  
0  
2 T 1549515048.871000 R 
0  
0  
0  
0  
0  
0  
0  
0  
0  
0  
0  
0  
0  
0  
0  
0  
0  
0  
0  
0  
0  
0  
0  
0  
0  
0  
0  
0  
0  
0  
0  
0  
0  
0  
0  
0  
0  
0  
0  
0  
0  
0  
0  
0  
0  
0  
0  
0  
0  
0  
0  
0  
0  
0  
0  
0  
0  
0  
0  
0  
0  
0  
0  
0  
0  
0  
0  
0  
0  
0  
0  
0  
0  
0  
0  
0  
0  
0  
0  
0  
0  
0  
0  
0  
0  
0  
0  
0  
0  
0  
0  
0  
0  
0  
0  
0  
0  
0  
0  
2 T 1549515050.472000 R 
0  
0  
0  
0  
0  
0  
0  
0  
0  
0  
0  
0  
0  
0  
0  
0  
0  
0  
0  
0  
0  
0  
0  
0  
0  
0  
0  
0  
0  
0  
0  
0  
0  
0  
0  
0  
0  
0  
0  
0  
0  
0  
0  
0  
0  
0  
0  
0  
0  
0  
0  
0  
0  
0  
0  
0  
0  
0  
0  
0  
0  
0  
0  
0  
0  
0  
0  
0  
0  
0  
0  
0  
0  
0  
0  
0  
0  
0  
0  
0  
0  
0  
0  
0  
0  
0  
1  mm 193 598
2  mm 196 585 mm 197 573
2  mm 197 569 mm 198 559
2  mm 198 551 mm 198 543
2  mm 198 538 mm 198 529
2  mm 198 519 mm 198 514
2  mm 198 506 mm 198 493
2  mm 198 482 mm 198 474
2  mm 195 467 mm 194 463
2  mm 193 459 mm 192 458
2  mm 191 456 mm 188 453
2  mm 188 452 mm 187 451
1  mm 186 450
2 T 1549515052.071000 R 
1  mm 185 450
1  mm 183 450
0  
1  mm 182 450
1  mm 180 450
2  mm 179 450 mm 177 451
2  mm 177 452 mm 176 453
0  
1  mm 175 453
0  
0  
0  
1  mm 174 453
1  mm 173 450
2  mm 173 449 mm 173 445
2  mm 173 441 mm 173 434
2  mm 173 432 mm 173 429
2  mm 173 426 mm 172 421
2  mm 172 420 mm 172 419
2  mm 172 417 mm 172 415
2  mm 172 412 mm 171 409
2  mm 171 407 mm 171 404
1  mm 171 403
2  mm 171 401 mm 171 400
1  mm 171 398
1  mm 171 397
1  mm 171 396
0  
2  mm 171 395 mm 171 393
0  
2  mm 170 392 mm 170 391
0  
1  mm 170 390
0  
0  
0  
1  mb 1 1 170 390
0  
0  
0  
0  
0  
0  
2 F 62.539078 mb 1 0 170 390
1 F 62.539078 
1 F 62.539078 
1 F 62.539078 
1 F 62.539078 
1 F 62.539078 
1 F 62.539078 
1 F 62.539078 
1 F 62.539078 
1 F 62.539078 
1 F 62.539078 
1 F 62.539078 
1 F 62.539078 
1 F 62.539078 
1 F 62.539078 
2 F 62.539078 mm 172 388
3 F 62.539078 mm 174 387 mm 176 387
3 F 62.539078 mm 178 387 mm 180 386
3 F 62.539078 mm 183 385 mm 185 385
3 F 62.539078 mm 187 385 mm 189 385
3 F 62.539078 mm 192 383 mm 193 383
1 F 62.539078 
3 F 62.539078 mm 194 383 mm 194 382
1 F 62.539078 
1 F 62.539078 
1 F 62.539078 
1 F 62.539078 
1 F 62.539078 
2 F 62.539078 mm 194 383
3 F 62.539078 mm 194 384 mm 194 385
2 F 62.539078 mm 194 386
2 F 62.539078 mm 194 388
3 F 62.539078 mm 194 390 mm 194 391
2 F 62.539078 mm 194 392
3 F 62.539078 mm 194 394 mm 194 396
3 F 62.539078 mm 193 397 mm 193 398
3 F 62.539078 mm 193 401 mm 193 403
1 F 62.539078 
2 F 62.539078 mm 193 404
2 F 62.539078 mm 193 405
1 F 62.539078 
2 F 62.539078 mm 193 407
3 F 62.539078 mm 196 407 mm 198 407
3 F 62.539078 mm 202 407 mm 206 407
3 F 62.539078 mm 212 406 mm 220 406
3 F 62.539078 mm 228 404 mm 237 404
3 F 62.539078 mm 248 400 mm 259 398
3 F 62.539078 mm 270 396 mm 281 394
3 F 62.539078 mm 289 393 mm 300 393
2 F 62.539078 mm 303 392
3 F 62.539078 mm 311 392 mm 320 392
3 F 62.539078 mm 326 392 mm 331 392
3 F 62.539078 mm 334 393 mm 336 393
2 F 62.539078 mm 337 393
1 F 62.539078 
1 F 62.539078 
3 T 1549515053.671000 R F 62.500004 
1 F 62.500004 
1 F 62.500004 
1 F 62.500004 
1 F 62.500004 
1 F 62.500004 
1 F 62.500004 
1 F 62.500004 
1 F 62.500004 
1 F 62.500004 
1 F 62.500004 
1 F 62.500004 
1 F 62.500004 
1 F 62.500004 
1 F 62.500004 
1 F 62.500004 
1 F 62.500004 
1 F 62.500004 
1 F 62.500004 
1 F 62.500004 
1 F 62.500004 
2 F 62.500004 mm 336 394
1 F 62.500004 
2 F 62.500004 mm 335 395
3 F 62.500004 mm 332 395 mm 331 395
3 F 62.500004 mm 329 395 mm 327 395
3 F 62.500004 mm 325 395 mm 324 395
3 F 62.500004 mm 321 395 mm 318 395
3 F 62.500004 mm 317 395 mm 316 395
2 F 62.500004 mm 315 395
3 F 62.500004 mm 313 395 mm 312 395
2 F 62.500004 mm 311 395
3 F 62.500004 mm 310 395 mm 309 395
1 F 62.500004 
1 F 62.500004 
2 F 62.500004 mm 308 395
1 F 62.500004 
3 F 62.500004 mm 307 395 mm 305 395
1 F 62.500004 
1 F 62.500004 
2 F 62.500004 mb 1 1 305 395
1 F 62.500004 
1 F 62.500004 
1 F 62.500004 
1 F 62.500004 
1 F 62.500004 
1 F 62.500004 
2 F 62.500004 mb 1 0 305 395
1 F 62.500004 
1 F 62.500004 
1 F 62.500004 
1 F 62.500004 
1 F 62.500004 
1 F 62.500004 
1 F 62.500004 
1 F 62.500004 
1 F 62.500004 
1 F 62.500004 
1 F 62.500004 
1 F 62.500004 
1 F 62.500004 
1 F 62.500004 
1 F 62.500004 
1 F 62.500004 
1 F 62.500004 
1 F 62.500004 
1 F 62.500004 
1 F 62.500004 
2 F 62.500004 mm 304 395
1 F 62.500004 
2 F 62.500004 mm 303 394
1 F 62.500004 
2 F 62.500004 mm 302 393
1 F 62.500004 
1 F 62.500004 
1 F 62.500004 
2 F 62.500004 mb 1 1 302 393
1 F 62.500004 
1 F 62.500004 
1 F 62.500004 
1 F 62.500004 
1 F 62.500004 
1 F 62.500004 
2 F 62.500004 mb 1 0 302 393
1 F 62.500004 
1 F 62.500004 
1 F 62.500004 
1 F 62.500004 
1 F 62.500004 
1 F 62.500004 
1 F 62.500004 
1 F 62.500004 
3 F 62.500004 mm 300 393 mm 297 393
3 F 62.500004 mm 295 394 mm 290 396
3 F 62.500004 mm 287 400 mm 281 404
3 F 62.500004 mm 272 406 mm 264 408
3 F 62.500004 mm 254 411 mm 245 415
3 F 62.500004 mm 234 417 mm 222 420
3 F 62.500004 mm 209 422 mm 198 426
3 F 62.500004 mm 185 430 mm 171 433
5 T 1549515055.271000 R F 62.500004 mm 159 436 mm 143 438
3 F 62.500004 mm 140 438 mm 130 441
3 F 62.500004 mm 123 443 mm 113 444
3 F 62.500004 mm 103 448 mm 92 449
3 F 62.500004 mm 84 450 mm 79 452
3 F 62.500004 mm 71 453 mm 67 453
3 F 62.500004 mm 61 454 mm 55 455
3 F 62.500004 mm 54 455 mm 50 456
3 F 62.500004 mm 47 456 mm 43 457
3 F 62.500004 mm 41 458 mm 39 459
3 F 62.500004 mm 37 459 mm 36 460
2 F 62.500004 mm 35 461
2 F 62.500004 mm 34 461
3 F 62.500004 mm 33 461 mm 31 461
2 F 62.500004 mm 31 462
2 F 62.500004 mm 30 462
1 F 62.500004 
2 F 62.500004 mm 30 463
3 F 62.500004 mm 30 464 mm 30 465
2 F 62.500004 mm 30 467
3 F 62.500004 mm 30 468 mm 30 470
3 F 62.500004 mm 31 471 mm 32 472
3 F 62.500004 mm 35 475 mm 41 480
3 F 62.500004 mm 43 480 mm 45 481
3 F 62.500004 mm 49 483 mm 54 484
3 F 62.500004 mm 58 485 mm 62 485
3 F 62.500004 mm 65 486 mm 67 486
3 F 62.500004 mm 68 486 mm 69 487
1 F 62.500004 
1 F 62.500004 
1 F 62.500004 
2 F 62.500004 mb 1 1 69 487
1 F 62.500004 
1 F 62.500004 
1 F 62.500004 
1 F 62.500004 
1 F 62.500004 
1 F 62.500004 
3 T 1549515055.879000 T 1549515055.880000 mb 1 0 69 487
1 T 1549515055.896000 
2 T 1549515055.912000 mm 70 487
3 T 1549515055.927000 mm 72 487 mm 75 487
3 T 1549515055.943000 mm 77 487 mm 80 487
3 T 1549515055.960000 mm 84 486 mm 88 486
3 T 1549515055.976000 mm 93 484 mm 98 484
3 T 1549515055.991000 mm 101 483 mm 105 483
3 T 1549515056.008000 mm 111 482 mm 117 481
3 T 1549515056.024000 mm 124 481 mm 131 479
3 T 1549515056.040000 mm 139 477 mm 148 476
2 T 1549515056.056000 mm 165 473
3 T 1549515056.073000 mm 175 472 mm 182 472
3 T 1549515056.089000 mm 186 469 mm 192 468
3 T 1549515056.104000 mm 195 468 mm 201 468
3 T 1549515056.121000 mm 206 468 mm 208 468
3 T 1549515056.137000 mm 209 468 mm 210 468
1 T 1549515056.153000 
1 T 1549515056.169000 
1 T 1549515056.185000 
2 T 1549515056.201000 mm 212 467
3 T 1549515056.218000 mm 214 467 mm 215 467
3 T 1549515056.233000 mm 219 467 mm 224 464
3 T 1549515056.250000 mm 231 464 mm 234 463
3 T 1549515056.265000 mm 238 463 mm 240 462
3 T 1549515056.281000 mm 242 461 mm 248 460
3 T 1549515056.297000 mm 253 459 mm 260 457
3 T 1549515056.312000 mm 266 457 mm 272 457
3 T 1549515056.328000 mm 279 457 mm 284 457
3 T 1549515056.345000 mm 292 457 mm 300 457
3 T 1549515056.361000 mm 307 457 mm 308 457
3 T 1549515056.376000 mm 312 455 mm 320 454
3 T 1549515056.392000 mm 329 453 mm 336 452
3 T 1549515056.408000 mm 351 447 mm 361 446
3 T 1549515056.424000 mm 375 444 mm 386 443
3 T 1549515056.441000 mm 398 442 mm 408 441
3 T 1549515056.457000 mm 415 437 mm 426 437
3 T 1549515056.472000 mm 431 436 mm 439 436
2 T 1549515056.488000 mm 441 434
2 T 1549515056.505000 mm 444 434
1 T 1549515056.520000 
2 T 1549515056.537000 mm 446 434
1 T 1549515056.553000 
1 T 1549515056.569000 
1 T 1549515056.585000 
1 T 1549515056.600000 
3 T 1549515056.617000 mm 447 434 mm 451 434
2 T 1549515056.633000 mm 453 434
3 T 1549515056.648000 mm 454 434 mm 455 434
1 T 1549515056.665000 
1 T 1549515056.681000 
1 T 1549515056.697000 
1 T 1549515056.713000 
1 T 1549515056.729000 
1 T 1549515056.744000 
1 T 1549515056.761000 
1 T 1549515056.777000 
1 T 1549515056.793000 
1 T 1549515056.809000 
1 T 1549515056.825000 
1 T 1549515056.841000 
1 T 1549515056.857000 
3 T 1549515056.873000 R R 
1 T 1549515056.889000 
1 T 1549515056.904000 
1 T 1549515056.921000 
1 T 1549515056.937000 
1 T 1549515056.953000 
1 T 1549515056.969000 
1 T 1549515056.985000 
0  
0  
0  
0  
0  
0  
0  
0  
0  
0  
0  
0  
0  
0  
1  mm 456 433
2  mm 458 433 mm 459 433
2  mm 462 433 mm 466 432
2  mm 468 432 mm 471 432
2  mm 475 431 mm 476 430
1  mm 477 430
1  mm 478 430
0  
0  
0  
0  
0  
0  
0  
0  
0  
0  
0  
0  
1  mm 478 431
0  
0  
0  
0  
0  
0  
0  
0  
0  
0  
0  
0  
0  
2  mm 479 431 mm 480 431
1  mm 482 431
1  mm 483 431
1  mm 484 431
2  mm 486 431 mm 489 431
2  mm 490 431 mm 492 431
2  mm 495 431 mm 496 433
2  mm 499 434 mm 502 434
2  mm 504 435 mm 507 437
2  mm 508 437 mm 510 438
2  mm 510 439 mm 512 440
1  mm 513 441
1  mm 514 441
2  mm 515 442 mm 516 443
2  mm 516 444 mm 517 445
0  
2  mm 518 446 mm 520 448
2  mm 521 449 mm 524 451
2  mm 525 452 mm 526 452
2  mm 528 454 mm 531 455
2  mm 533 456 mm 534 457
2  mm 537 458 mm 540 458
2  mm 543 458 mm 546 458
2  mm 548 458 mm 551 458
2  mm 559 453 mm 565 451
2  mm 569 447 mm 574 443
2  mm 580 438 mm 588 432
2  mm 592 427 mm 597 421
2  mm 604 413 mm 608 408
2  mm 612 403 mm 616 395
2  mm 618 390 mm 621 383
2  mm 624 376 mm 627 366
2  mm 628 359 mm 630 356
2  mm 632 351 mm 632 347
2  mm 633 342 mm 637 335
2  mm 641 330 mm 644 325
2  mm 645 323 mm 647 322
2  mm 648 320 mm 649 318
1  mm 650 317
1  mm 650 316
1  mm 651 315
0  
0  
1  mm 651 314
2  mm 652 314 mm 653 313
2 T 1549515058.472000 T 1549515058.473000 
0  
0  
0  
1  mb 1 1 653 313
0  
0  
0  
0  
0  
0  
0  
2 T 1549515058.665000 mb 1 0 653 313
1 T 1549515058.680000 
1 T 1549515058.696000 
1 T 1549515058.713000 
1 T 1549515058.728000 
1 T 1549515058.744000 
1 T 1549515058.760000 
1 T 1549515058.776000 
2 T 1549515058.793000 mm 652 313
1 T 1549515058.809000 
1 T 1549515058.824000 
1 T 1549515058.840000 
1 T 1549515058.857000 
1 T 1549515058.872000 
1 T 1549515058.889000 
1 T 1549515058.905000 
1 T 1549515058.920000 
1 T 1549515058.936000 
1 T 1549515058.953000 
1 T 1549515058.968000 
2 T 1549515058.984000 mm 651 313
1 T 1549515059.000000 
2 T 1549515059.017000 mm 650 313
1 T 1549515059.032000 
2 T 1549515059.049000 mm 648 313
2 T 1549515059.065000 mm 646 313
3 T 1549515059.081000 mm 645 313 mm 644 313
2 T 1549515059.097000 mm 644 314
1 T 1549515059.114000 
2 T 1549515059.130000 mm 643 315
3 T 1549515059.145000 mm 643 316 mm 642 316
2 T 1549515059.162000 mm 640 317
2 T 1549515059.177000 mm 639 318
3 T 1549515059.193000 mm 637 318 mm 635 319
2 T 1549515059.210000 mm 633 320
3 T 1549515059.226000 mm 632 320 mm 628 321
2 T 1549515059.242000 mm 626 321
3 T 1549515059.257000 mm 623 321 mm 622 323
2 T 1549515059.274000 mm 620 323
1 T 1549515059.290000 
2 T 1549515059.305000 mm 619 323
1 T 1549515059.321000 
1 T 1549515059.338000 
1 T 1549515059.353000 
3 T 1549515059.370000 mm 618 323 mm 617 323
1 T 1549515059.385000 
1 T 1549515059.401000 
1 T 1549515059.417000 
2 T 1549515059.434000 mm 616 323
1 T 1549515059.449000 
2 T 1549515059.466000 mm 615 324
1 T 1549515059.482000 
1 T 1549515059.498000 
1 T 1549515059.514000 
1 T 1549515059.530000 
1 T 1549515059.545000 
3 T 1549515059.562000 mm 613 325 mm 612 325
1 T 1549515059.578000 
1 T 1549515059.594000 
1 T 1549515059.609000 
1 T 1549515059.625000 
1 T 1549515059.642000 
1 T 1549515059.657000 
1 T 1549515059.673000 
1 T 1549515059.689000 
2 T 1549515059.705000 mm 611 326
1 T 1549515059.722000 
1 T 1549515059.737000 
1 T 1549515059.753000 
1 T 1549515059.770000 
1 T 1549515059.785000 
1 T 1549515059.802000 
1 T 1549515059.817000 
1 T 1549515059.833000 
1 T 1549515059.850000 
1 T 1549515059.865000 
1 T 1549515059.882000 
1 T 1549515059.898000 
1 T 1549515059.914000 
1 T 1549515059.930000 
1 T 1549515059.945000 
1 T 1549515059.962000 
1 T 1549515059.977000 
1 T 1549515059.993000 
2 T 1549515060.010000 mm 608 326
2 T 1549515060.025000 mm 607 326
1 T 1549515060.042000 
1 T 1549515060.057000 
3 T 1549515060.074000 R R 
1 T 1549515060.090000 
1 T 1549515060.105000 
1 T 1549515060.122000 
1 T 1549515060.137000 
1 T 1549515060.153000 
1 T 1549515060.170000 
1 T 1549515060.185000 
1 T 1549515060.202000 
1 T 1549515060.217000 
1 T 1549515060.233000 
1 T 1549515060.250000 
1 T 1549515060.265000 
1 T 1549515060.282000 
1 T 1549515060.298000 
1 T 1549515060.313000 
1 T 1549515060.330000 
1 T 1549515060.345000 
1 T 1549515060.362000 
1 T 1549515060.377000 
1 T 1549515060.393000 
1 T 1549515060.409000 
1 T 1549515060.425000 
1 T 1549515060.441000 
1 T 1549515060.458000 
1 T 1549515060.473000 
1 T 1549515060.490000 
1 T 1549515060.505000 
1 T 1549515060.521000 
1 T 1549515060.538000 
1 T 1549515060.553000 
1 T 1549515060.570000 
1 T 1549515060.585000 
1 T 1549515060.601000 
1 T 1549515060.618000 
1 T 1549515060.633000 
1 T 1549515060.649000 
1 T 1549515060.665000 
1 T 1549515060.681000 
1 T 1549515060.698000 
1 T 1549515060.713000 
1 T 1549515060.730000 
1 T 1549515060.746000 
1 T 1549515060.762000 
1 T 1549515060.778000 
1 T 1549515060.793000 
1 T 1549515060.810000 
1 T 1549515060.826000 
1 T 1549515060.842000 
1 T 1549515060.858000 
1 T 1549515060.873000 
1 T 1549515060.890000 
1 T 1549515060.906000 
1 T 1549515060.922000 
1 T 1549515060.937000 
1 T 1549515060.954000 
1 T 1549515060.969000 
1 T 1549515060.985000 
1 T 1549515061.002000 
1 T 1549515061.017000 
1 T 1549515061.034000 
1 T 1549515061.049000 
1 T 1549515061.066000 
1 T 1549515061.082000 
1 T 1549515061.098000 
1 T 1549515061.114000 
1 T 1549515061.131000 
1 T 1549515061.145000 
1 T 1549515061.162000 
1 T 1549515061.177000 
1 T 1549515061.193000 
1 T 1549515061.210000 
1 T 1549515061.226000 
1 T 1549515061.242000 
1 T 1549515061.258000 
1 T 1549515061.273000 
1 T 1549515061.290000 
1 T 1549515061.305000 
1 T 1549515061.322000 
1 T 1549515061.337000 
1 T 1549515061.353000 
1 T 1549515061.370000 
1 T 1549515061.385000 
1 T 1549515061.402000 
1 T 1549515061.417000 
1 T 1549515061.433000 
1 T 1549515061.450000 
1 T 1549515061.465000 
1 T 1549515061.481000 
1 T 1549515061.497000 
1 T 1549515061.513000 
1 T 1549515061.530000 
1 T 1549515061.545000 
1 T 1549515061.561000 
1 T 1549515061.578000 
1 T 1549515061.594000 
1 T 1549515061.610000 
1 T 1549515061.626000 
1 T 1549515061.641000 
1 T 1549515061.658000 
3 T 1549515061.673000 R R 
1 T 1549515061.690000 
1 T 1549515061.705000 
1 T 1549515061.722000 
1 T 1549515061.738000 
1 T 1549515061.753000 
1 T 1549515061.770000 
1 T 1549515061.785000 
1 T 1549515061.801000 
1 T 1549515061.818000 
1 T 1549515061.833000 
1 T 1549515061.850000 
1 T 1549515061.865000 
1 T 1549515061.881000 
1 T 1549515061.898000 
1 T 1549515061.914000 
1 T 1549515061.929000 
1 T 1549515061.947000 
1 T 1549515061.962000 
1 T 1549515061.978000 
1 T 1549515061.994000 
1 T 1549515062.009000 
1 T 1549515062.025000 
1 T 1549515062.041000 
1 T 1549515062.058000 
1 T 1549515062.073000 
1 T 1549515062.089000 
1 T 1549515062.106000 
1 T 1549515062.121000 
1 T 1549515062.139000 
1 T 1549515062.153000 
1 T 1549515062.169000 
1 T 1549515062.186000 
1 T 1549515062.201000 
1 T 1549515062.218000 
1 T 1549515062.233000 
1 T 1549515062.249000 
1 T 1549515062.266000 
1 T 1549515062.281000 
1 T 1549515062.298000 
1 T 1549515062.314000 
1 T 1549515062.330000 
1 T 1549515062.346000 
1 T 1549515062.362000 
1 T 1549515062.378000 
1 T 1549515062.394000 
1 T 1549515062.410000 
1 T 1549515062.426000 
1 T 1549515062.441000 
1 T 1549515062.458000 
1 T 1549515062.473000 
1 T 1549515062.489000 
1 T 1549515062.506000 
1 T 1549515062.521000 
1 T 1549515062.537000 
1 T 1549515062.554000 
1 T 1549515062.569000 
1 T 1549515062.586000 
1 T 1549515062.601000 
1 T 1549515062.617000 
1 T 1549515062.634000 
1 T 1549515062.649000 
1 T 1549515062.665000 
1 T 1549515062.681000 
1 T 1549515062.697000 
1 T 1549515062.714000 
1 T 1549515062.729000 
1 T 1549515062.746000 
1 T 1549515062.761000 
1 T 1549515062.777000 
1 T 1549515062.793000 
1 T 1549515062.809000 
1 T 1549515062.825000 
1 T 1549515062.842000 
1 T 1549515062.857000 
1 T 1549515062.873000 
1 T 1549515062.889000 
1 T 1549515062.905000 
1 T 1549515062.922000 
1 T 1549515062.938000 
1 T 1549515062.953000 
1 T 1549515062.970000 
1 T 1549515062.985000 
1 T 1549515063.001000 
1 T 1549515063.018000 
1 T 1549515063.033000 
1 T 1549515063.050000 
1 T 1549515063.065000 
1 T 1549515063.081000 
1 T 1549515063.098000 
1 T 1549515063.113000 
1 T 1549515063.130000 
1 T 1549515063.145000 
1 T 1549515063.161000 
1 T 1549515063.178000 
1 T 1549515063.194000 
1 T 1549515063.209000 
1 T 1549515063.226000 
1 T 1549515063.242000 
1 T 1549515063.257000 
3 T 1549515063.274000 R R 
1 T 1549515063.289000 
1 T 1549515063.305000 
1 T 1549515063.321000 
1 T 1549515063.338000 
1 T 1549515063.354000 
1 T 1549515063.369000 
1 T 1549515063.385000 
1 T 1549515063.402000 
1 T 1549515063.417000 
1 T 1549515063.433000 
1 T 1549515063.449000 
1 T 1549515063.465000 
1 T 1549515063.482000 
1 T 1549515063.497000 
1 T 1549515063.514000 
1 T 1549515063.529000 
1 T 1549515063.545000 
1 T 1549515063.562000 
1 T 1549515063.577000 
1 T 1549515063.594000 
1 T 1549515063.610000 
1 T 1549515063.625000 
1 T 1549515063.642000 
1 T 1549515063.657000 
1 T 1549515063.673000 
1 T 1549515063.690000 
1 T 1549515063.705000 
1 T 1549515063.722000 
1 T 1549515063.737000 
1 T 1549515063.753000 
1 T 1549515063.770000 
1 T 1549515063.785000 
1 T 1549515063.802000 
1 T 1549515063.817000 
1 T 1549515063.833000 
1 T 1549515063.850000 
1 T 1549515063.865000 
1 T 1549515063.881000 
1 T 1549515063.897000 
1 T 1549515063.913000 
1 T 1549515063.930000 
1 T 1549515063.946000 
1 T 1549515063.962000 
1 T 1549515063.977000 
1 T 1549515063.994000 
1 T 1549515064.010000 
2 T 1549515064.025000 mm 611 326
3 T 1549515064.042000 mm 612 326 mm 613 326
3 T 1549515064.059000 mm 617 326 mm 619 326
1 T 1549515064.073000 
2 T 1549515064.090000 mm 620 328
1 T 1549515064.105000 
1 T 1549515064.121000 
1 T 1549515064.138000 
1 T 1549515064.153000 
1 T 1549515064.170000 
1 T 1549515064.185000 
1 T 1549515064.201000 
1 T 1549515064.218000 
1 T 1549515064.233000 
1 T 1549515064.250000 
1 T 1549515064.265000 
1 T 1549515064.281000 
1 T 1549515064.298000 
1 T 1549515064.313000 
1 T 1549515064.330000 
1 T 1549515064.346000 
1 T 1549515064.362000 
1 T 1549515064.378000 
1 T 1549515064.394000 
1 T 1549515064.409000 
1 T 1549515064.426000 
1 T 1549515064.441000 
1 T 1549515064.458000 
1 T 1549515064.473000 
1 T 1549515064.489000 
1 T 1549515064.505000 
1 T 1549515064.521000 
1 T 1549515064.538000 
1 T 1549515064.553000 
1 T 1549515064.569000 
1 T 1549515064.586000 
1 T 1549515064.601000 
1 T 1549515064.618000 
1 T 1549515064.634000 
1 T 1549515064.649000 
1 T 1549515064.666000 
1 T 1549515064.682000 
1 T 1549515064.697000 
1 T 1549515064.713000 
1 T 1549515064.729000 
1 T 1549515064.745000 
1 T 1549515064.762000 
1 T 1549515064.779000 
1 T 1549515064.794000 
1 T 1549515064.809000 
1 T 1549515064.826000 
1 T 1549515064.842000 
1 T 1549515064.857000 
3 T 1549515064.873000 R R 
1 T 1549515064.890000 
1 T 1549515064.905000 
1 T 1549515064.922000 
1 T 1549515064.937000 
1 T 1549515064.953000 
1 T 1549515064.970000 
1 T 1549515064.985000 
1 T 1549515065.002000 
1 T 1549515065.017000 
1 T 1549515065.033000 
1 T 1549515065.050000 
1 T 1549515065.065000 
1 T 1549515065.082000 
1 T 1549515065.097000 
1 T 1549515065.113000 
1 T 1549515065.130000 
1 T 1549515065.146000 
1 T 1549515065.162000 
1 T 1549515065.177000 
1 T 1549515065.194000 
1 T 1549515065.210000 
1 T 1549515065.225000 
1 T 1549515065.241000 
1 T 1549515065.257000 
1 T 1549515065.273000 
1 T 1549515065.290000 
1 T 1549515065.305000 
1 T 1549515065.322000 
1 T 1549515065.337000 
1 T 1549515065.353000 
1 T 1549515065.370000 
1 T 1549515065.385000 
1 T 1549515065.402000 
1 T 1549515065.418000 
3 T 1549515065.434000 mm 620 326 mm 620 325
2 T 1549515065.449000 mm 620 324
2 T 1549515065.465000 mm 620 322
3 T 1549515065.482000 mm 619 320 mm 619 319
2 T 1549515065.498000 mm 618 319
3 T 1549515065.514000 mm 617 319 mm 616 319
2 T 1549515065.530000 mm 616 318
2 T 1549515065.545000 mm 615 318
1 T 1549515065.561000 
1 T 1549515065.578000 
1 T 1549515065.594000 
1 T 1549515065.610000 
1 T 1549515065.626000 
1 T 1549515065.641000 
1 T 1549515065.658000 
1 T 1549515065.673000 
1 T 1549515065.690000 
1 T 1549515065.705000 
1 T 1549515065.722000 
1 T 1549515065.738000 
1 T 1549515065.753000 
1 T 1549515065.770000 
1 T 1549515065.785000 
1 T 1549515065.801000 
1 T 1549515065.818000 
2 T 1549515065.833000 mm 615 317
1 T 1549515065.850000 
1 T 1549515065.865000 
1 T 1549515065.881000 
1 T 1549515065.898000 
1 T 1549515065.913000 
1 T 1549515065.929000 
1 T 1549515065.945000 
1 T 1549515065.962000 
1 T 1549515065.978000 
1 T 1549515065.993000 
1 T 1549515066.010000 
1 T 1549515066.026000 
1 T 1549515066.041000 
1 T 1549515066.058000 
1 T 1549515066.073000 
1 T 1549515066.089000 
1 T 1549515066.106000 
1 T 1549515066.121000 
1 T 1549515066.138000 
1 T 1549515066.153000 
1 T 1549515066.169000 
1 T 1549515066.186000 
1 T 1549515066.201000 
1 T 1549515066.218000 
1 T 1549515066.233000 
1 T 1549515066.249000 
1 T 1549515066.267000 
1 T 1549515066.281000 
1 T 1549515066.297000 
1 T 1549515066.313000 
1 T 1549515066.329000 
1 T 1549515066.347000 
1 T 1549515066.361000 
1 T 1549515066.377000 
1 T 1549515066.394000 
1 T 1549515066.409000 
1 T 1549515066.426000 
1 T 1549515066.442000 
1 T 1549515066.458000 
3 T 1549515066.473000 R R 
1 T 1549515066.490000 
1 T 1549515066.505000 
1 T 1549515066.522000 
1 T 1549515066.538000 
1 T 1549515066.554000 
1 T 1549515066.569000 
1 T 1549515066.585000 
1 T 1549515066.602000 
1 T 1549515066.617000 
1 T 1549515066.634000 
1 T 1549515066.649000 
1 T 1549515066.665000 
2 T 1549515066.681000 mm 614 316
1 T 1549515066.697000 
2 T 1549515066.713000 mm 614 315
3 T 1549515066.730000 mm 613 315 mm 612 314
1 T 1549515066.745000 
1 T 1549515066.761000 
1 T 1549515066.778000 
1 T 1549515066.794000 
1 T 1549515066.809000 
1 T 1549515066.826000 
1 T 1549515066.842000 
1 T 1549515066.858000 
1 T 1549515066.873000 
1 T 1549515066.890000 
1 T 1549515066.905000 
1 T 1549515066.922000 
1 T 1549515066.937000 
1 T 1549515066.953000 
1 T 1549515066.970000 
1 T 1549515066.985000 
1 T 1549515067.002000 
1 T 1549515067.017000 
1 T 1549515067.033000 
1 T 1549515067.050000 
1 T 1549515067.065000 
1 T 1549515067.081000 
1 T 1549515067.098000 
1 T 1549515067.113000 
1 T 1549515067.130000 
1 T 1549515067.146000 
1 T 1549515067.162000 
1 T 1549515067.178000 
1 T 1549515067.194000 
1 T 1549515067.210000 
1 T 1549515067.226000 
1 T 1549515067.242000 
1 T 1549515067.257000 
1 T 1549515067.274000 
1 T 1549515067.290000 
1 T 1549515067.305000 
1 T 1549515067.321000 
1 T 1549515067.338000 
1 T 1549515067.353000 
1 T 1549515067.369000 
1 T 1549515067.385000 
1 T 1549515067.401000 
1 T 1549515067.418000 
1 T 1549515067.433000 
1 T 1549515067.450000 
1 T 1549515067.465000 
1 T 1549515067.481000 
1 T 1549515067.498000 
1 T 1549515067.513000 
1 T 1549515067.529000 
1 T 1549515067.545000 
1 T 1549515067.561000 
1 T 1549515067.578000 
1 T 1549515067.593000 
1 T 1549515067.609000 
1 T 1549515067.626000 
1 T 1549515067.641000 
1 T 1549515067.658000 
1 T 1549515067.673000 
1 T 1549515067.689000 
1 T 1549515067.705000 
1 T 1549515067.721000 
1 T 1549515067.738000 
1 T 1549515067.753000 
1 T 1549515067.769000 
1 T 1549515067.785000 
1 T 1549515067.801000 
1 T 1549515067.818000 
1 T 1549515067.833000 
1 T 1549515067.849000 
1 T 1549515067.866000 
1 T 1549515067.881000 
1 T 1549515067.897000 
1 T 1549515067.914000 
1 T 1549515067.929000 
1 T 1549515067.946000 
1 T 1549515067.961000 
1 T 1549515067.978000 
1 T 1549515067.993000 
1 T 1549515068.010000 
1 T 1549515068.026000 
1 T 1549515068.041000 
1 T 1549515068.058000 
3 T 1549515068.073000 R T 1549515068.074000 
1 T 1549515068.089000 
1 T 1549515068.106000 
1 T 1549515068.121000 
1 T 1549515068.138000 
1 T 1549515068.153000 
1 T 1549515068.169000 
1 T 1549515068.186000 
1 T 1549515068.201000 
1 T 1549515068.217000 
1 T 1549515068.233000 
1 T 1549515068.250000 
1 T 1549515068.265000 
1 T 1549515068.281000 
1 T 1549515068.297000 
1 T 1549515068.313000 
1 T 1549515068.330000 
1 T 1549515068.345000 
1 T 1549515068.362000 
1 T 1549515068.377000 
1 T 1549515068.394000 
1 T 1549515068.410000 
1 T 1549515068.426000 
1 T 1549515068.441000 
1 T 1549515068.458000 
1 T 1549515068.473000 
1 T 1549515068.489000 
1 T 1549515068.506000 
1 T 1549515068.521000 
1 T 1549515068.538000 
1 T 1549515068.554000 
1 T 1549515068.570000 
1 T 1549515068.585000 
1 T 1549515068.602000 
1 T 1549515068.617000 
1 T 1549515068.633000 
1 T 1549515068.649000 
1 T 1549515068.665000 
1 T 1549515068.682000 
1 T 1549515068.697000 
1 T 1549515068.713000 
1 T 1549515068.730000 
1 T 1549515068.745000 
1 T 1549515068.762000 
1 T 1549515068.777000 
1 T 1549515068.793000 
1 T 1549515068.810000 
1 T 1549515068.825000 
1 T 1549515068.842000 
1 T 1549515068.857000 
1 T 1549515068.873000 
1 T 1549515068.890000 
1 T 1549515068.905000 
1 T 1549515068.922000 
1 T 1549515068.937000 
1 T 1549515068.953000 
1 T 1549515068.970000 
1 T 1549515068.985000 
1 T 1549515069.002000 
1 T 1549515069.017000 
1 T 1549515069.033000 
1 T 1549515069.050000 
1 T 1549515069.066000 
1 T 1549515069.081000 
1 T 1549515069.098000 
1 T 1549515069.113000 
1 T 1549515069.130000 
1 T 1549515069.145000 
1 T 1549515069.161000 
1 T 1549515069.177000 
1 T 1549515069.193000 
1 T 1549515069.210000 
1 T 1549515069.226000 
1 T 1549515069.241000 
1 T 1549515069.258000 
1 T 1549515069.273000 
1 T 1549515069.290000 
1 T 1549515069.305000 
1 T 1549515069.321000 
1 T 1549515069.338000 
1 T 1549515069.353000 
1 T 1549515069.369000 
1 T 1549515069.385000 
1 T 1549515069.401000 
1 T 1549515069.419000 
1 T 1549515069.433000 
1 T 1549515069.449000 
1 T 1549515069.465000 
1 T 1549515069.481000 
1 T 1549515069.498000 
1 T 1549515069.513000 
1 T 1549515069.529000 
1 T 1549515069.546000 
1 T 1549515069.561000 
1 T 1549515069.578000 
1 T 1549515069.593000 
1 T 1549515069.609000 
1 T 1549515069.626000 
1 T 1549515069.641000 
1 T 1549515069.658000 
3 T 1549515069.673000 R R 
1 T 1549515069.690000 
1 T 1549515069.705000 
1 T 1549515069.721000 
1 T 1549515069.738000 
1 T 1549515069.754000 
1 T 1549515069.770000 
1 T 1549515069.785000 
1 T 1549515069.802000 
1 T 1549515069.817000 
1 T 1549515069.833000 
1 T 1549515069.850000 
1 T 1549515069.865000 
1 T 1549515069.882000 
1 T 1549515069.897000 
1 T 1549515069.913000 
1 T 1549515069.930000 
1 T 1549515069.945000 
1 T 1549515069.961000 
1 T 1549515069.978000 
1 T 1549515069.993000 
1 T 1549515070.010000 
1 T 1549515070.025000 
1 T 1549515070.042000 
1 T 1549515070.058000 
1 T 1549515070.074000 
1 T 1549515070.090000 
1 T 1549515070.105000 
1 T 1549515070.122000 
1 T 1549515070.137000 
1 T 1549515070.154000 
1 T 1549515070.169000 
1 T 1549515070.185000 
1 T 1549515070.201000 
1 T 1549515070.217000 
1 T 1549515070.234000 
1 T 1549515070.249000 
1 T 1549515070.265000 
1 T 1549515070.282000 
1 T 1549515070.297000 
1 T 1549515070.314000 
1 T 1549515070.329000 
1 T 1549515070.345000 
1 T 1549515070.362000 
1 T 1549515070.377000 
1 T 1549515070.394000 
1 T 1549515070.409000 
1 T 1549515070.426000 
1 T 1549515070.442000 
1 T 1549515070.458000 
1 T 1549515070.473000 
1 T 1549515070.490000 
1 T 1549515070.506000 
1 T 1549515070.522000 
1 T 1549515070.538000 
1 T 1549515070.553000 
1 T 1549515070.569000 
1 T 1549515070.586000 
1 T 1549515070.601000 
1 T 1549515070.617000 
1 T 1549515070.633000 
1 T 1549515070.650000 
1 T 1549515070.666000 
1 T 1549515070.681000 
1 T 1549515070.697000 
1 T 1549515070.713000 
1 T 1549515070.729000 
1 T 1549515070.746000 
1 T 1549515070.761000 
1 T 1549515070.778000 
1 T 1549515070.794000 
1 T 1549515070.809000 
1 T 1549515070.826000 
1 T 1549515070.842000 
1 T 1549515070.857000 
1 T 1549515070.874000 
1 T 1549515070.890000 
1 T 1549515070.906000 
1 T 1549515070.922000 
1 T 1549515070.937000 
1 T 1549515070.954000 
1 T 1549515070.970000 
1 T 1549515070.986000 
1 T 1549515071.002000 
1 T 1549515071.017000 
1 T 1549515071.034000 
1 T 1549515071.049000 
1 T 1549515071.066000 
1 T 1549515071.081000 
1 T 1549515071.097000 
1 T 1549515071.114000 
1 T 1549515071.129000 
1 T 1549515071.146000 
1 T 1549515071.161000 
1 T 1549515071.177000 
1 T 1549515071.194000 
1 T 1549515071.209000 
1 T 1549515071.226000 
1 T 1549515071.242000 
1 T 1549515071.258000 
3 T 1549515071.275000 R R 
1 T 1549515071.291000 
1 T 1549515071.307000 
1 T 1549515071.323000 
1 T 1549515071.338000 
1 T 1549515071.355000 
1 T 1549515071.370000 
1 T 1549515071.386000 
1 T 1549515071.402000 
1 T 1549515071.418000 
1 T 1549515071.434000 
1 T 1549515071.450000 
1 T 1549515071.466000 
1 T 1549515071.482000 
1 T 1549515071.498000 
1 T 1549515071.515000 
1 T 1549515071.530000 
1 T 1549515071.546000 
1 T 1549515071.563000 
1 T 1549515071.578000 
1 T 1549515071.594000 
1 T 1549515071.610000 
1 T 1549515071.627000 
1 T 1549515071.642000 
1 T 1549515071.659000 
1 T 1549515071.675000 
1 T 1549515071.691000 
1 T 1549515071.707000 
2 T 1549515071.722000 mb 1 1 612 314
1 T 1549515071.738000 
1 T 1549515071.754000 
1 T 1549515071.770000 
1 T 1549515071.787000 
1 T 1549515071.802000 
1 T 1549515071.818000 
1 T 1549515071.834000 
1 T 1549515071.850000 
1 T 1549515071.867000 
2 T 1549515071.882000 mb 1 0 612 314
1 T 1549515071.898000 
1 T 1549515071.914000 
1 T 1549515071.930000 
1 T 1549515071.947000 
1 T 1549515071.962000 
1 T 1549515071.978000 
1 T 1549515071.995000 
1 T 1549515072.010000 
1 T 1549515072.027000 
1 T 1549515072.042000 
1 T 1549515072.058000 
1 T 1549515072.074000 
1 T 1549515072.090000 
1 T 1549515072.107000 
1 T 1549515072.123000 
1 T 1549515072.138000 
1 T 1549515072.155000 
1 T 1549515072.171000 
1 T 1549515072.186000 
1 T 1549515072.202000 
1 T 1549515072.219000 
1 T 1549515072.234000 
1 T 1549515072.250000 
1 T 1549515072.267000 
1 T 1549515072.283000 
1 T 1549515072.298000 
1 T 1549515072.314000 
1 T 1549515072.330000 
1 T 1549515072.346000 
1 T 1549515072.363000 
1 T 1549515072.378000 
1 T 1549515072.395000 
1 T 1549515072.410000 
1 T 1549515072.426000 
1 T 1549515072.443000 
1 T 1549515072.458000 
1 T 1549515072.474000 
1 T 1549515072.491000 
1 T 1549515072.507000 
1 T 1549515072.523000 
1 T 1549515072.539000 
1 T 1549515072.555000 
1 T 1549515072.570000 
1 T 1549515072.587000 
1 T 1549515072.603000 
1 T 1549515072.618000 
1 T 1549515072.635000 
1 T 1549515072.650000 
1 T 1549515072.667000 
3 T 1549515072.682000 mm 611 313 mm 611 311
2 T 1549515072.698000 mm 610 311
2 T 1549515072.714000 mm 610 310
2 T 1549515072.730000 mm 608 309
3 T 1549515072.747000 mm 607 309 mm 606 308
1 T 1549515072.762000 
2 T 1549515072.779000 mm 605 308
2 T 1549515072.795000 mm 604 307
4 T 1549515072.811000 mm 603 306 mm 603 305 mm 602 305
1 T 1549515072.827000 
2 T 1549515072.842000 mm 600 304
3 T 1549515072.859000 mm 599 303 mm 598 302
3 T 1549515072.874000 R R 
1 T 1549515072.890000 
1 T 1549515072.907000 
1 T 1549515072.922000 
1 T 1549515072.938000 
1 T 1549515072.954000 
1 T 1549515072.971000 
1 T 1549515072.987000 
1 T 1549515073.003000 
1 T 1549515073.019000 
1 T 1549515073.035000 
1 T 1549515073.050000 
1 T 1549515073.066000 
2 T 1549515073.082000 mm 597 302
1 T 1549515073.098000 
1 T 1549515073.115000 
1 T 1549515073.130000 
1 T 1549515073.147000 
1 T 1549515073.163000 
1 T 1549515073.178000 
1 T 1549515073.195000 
1 T 1549515073.210000 
1 T 1549515073.226000 
1 T 1549515073.243000 
2 T 1549515073.259000 kd 27 597 302
1 T 1549515073.274000 
1 T 1549515073.290000 
1 T 1549515073.306000 
1 T 1549515073.322000 
1 T 1549515073.339000 
1 T 1549515073.355000 
2 T 1549515073.371000 mm 596 303
1 T 1549515073.386000 
1 T 1549515073.403000 
2 T 1549515073.418000 mm 595 304
4 T 1549515073.436000 mm 593 304 mm 592 305 ku 27 592 305
1 T 1549515073.450000 
2 T 1549515073.467000 mm 590 305
2 T 1549515073.483000 mm 589 305
1 T 1549515073.498000 
2 T 1549515073.515000 mm 588 305
2 T 1549515073.531000 mm 587 305
2 T 1549515073.546000 mm 585 305
2 T 1549515073.563000 mm 584 305
1 T 1549515073.578000 
1 T 1549515073.595000 
1 T 1549515073.611000 
1 T 1549515073.627000 
1 T 1549515073.642000 
1 T 1549515073.659000 
1 T 1549515073.674000 
2 T 1549515073.690000 mm 583 305
1 T 1549515073.706000 
3 T 1549515073.723000 mm 581 304 mm 580 304
3 T 1549515073.738000 mm 578 303 mm 575 301
2 T 1549515073.754000 mm 571 300
3 T 1549515073.771000 mm 570 298 mm 568 296
3 T 1549515073.786000 mm 566 296 mm 564 293
2 T 1549515073.803000 mm 562 292
3 T 1549515073.818000 mm 561 291 mm 560 291
1 T 1549515073.835000 
1 T 1549515073.851000 
1 T 1549515073.867000 
1 T 1549515073.882000 
1 T 1549515073.898000 
1 T 1549515073.915000 
1 T 1549515073.931000 
2 T 1549515073.946000 mm 559 292
2 T 1549515073.962000 mm 559 293
3 T 1549515073.979000 mm 559 296 mm 559 299
3 T 1549515073.995000 mm 559 301 mm 559 303
2 T 1549515074.010000 mm 559 305
3 T 1549515074.026000 mm 559 307 mm 559 309
4 T 1549515074.043000 mm 559 310 mm 559 311 mm 559 313
1 T 1549515074.059000 
1 T 1549515074.074000 
3 T 1549515074.090000 mm 559 314 mm 559 315
3 T 1549515074.106000 mm 559 316 mm 559 317
3 T 1549515074.123000 mm 559 318 mm 559 319
2 T 1549515074.138000 mm 559 320
2 T 1549515074.155000 mm 559 322
1 T 1549515074.171000 
1 T 1549515074.186000 
1 T 1549515074.203000 
1 T 1549515074.218000 
1 T 1549515074.234000 
1 T 1549515074.250000 
1 T 1549515074.266000 
1 T 1549515074.282000 
1 T 1549515074.299000 
1 T 1549515074.315000 
1 T 1549515074.331000 
1 T 1549515074.347000 
1 T 1549515074.363000 
1 T 1549515074.379000 
1 T 1549515074.394000 
1 T 1549515074.410000 
2 T 1549515074.428000 sd 113 559 322
1 T 1549515074.442000 
1 T 1549515074.459000 
3 T 1549515074.474000 R T 1549515074.475000 
1 T 1549515074.491000 
1 T 1549515074.506000 
1 T 1549515074.523000 
1 T 1549515074.539000 
1 T 1549515074.554000 
1 T 1549515074.571000 
1 T 1549515074.586000 
1 T 1549515074.602000 
1 T 1549515074.618000 
1 T 1549515074.635000 
1 T 1549515074.651000 
1 T 1549515074.667000 
1 T 1549515074.683000 
1 T 1549515074.699000 
1 T 1549515074.715000 
1 T 1549515074.731000 
1 T 1549515074.747000 
1 T 1549515074.762000 
1 T 1549515074.779000 
1 T 1549515074.795000 
1 T 1549515074.810000 
1 T 1549515074.827000 
1 T 1549515074.843000 
1 T 1549515074.859000 
1 T 1549515074.875000 
1 T 1549515074.891000 
1 T 1549515074.907000 
1 T 1549515074.923000 
1 T 1549515074.939000 
1  kd 37 559 322
