1549415066 seed, 60 fps, 800x600, fullScreen=1, version196_mouseSpeed1.000000_musicOff0_musicLoudness1.000000_webRetrySeconds16 144C3932FC316698F11A41D51551DFBF8417D086
0  
1  ku 121 400 300
0  
0  
0  
0  
0  
0  
0  
0  
0  
0  
0  
0  
0  
0  
0  
0  
0  
0  
0  
0  
0  
0  
0  
0  
0  
0  
0  
0  
0  
0  
0  
0  
0  
0  
0  
0  
2 T 1549415083.335000 R 
0  
0  
0  
0  
0  
0  
0  
0  
0  
0  
0  
0  
0  
0  
0  
0  
0  
0  
0  
0  
0  
0  
0  
0  
0  
0  
0  
0  
0  
0  
0  
0  
0  
0  
0  
0  
0  
0  
0  
0  
0  
0  
0  
0  
0  
0  
0  
0  
0  
0  
0  
0  
0  
0  
0  
0  
0  
0  
0  
0  
0  
0  
0  
0  
0  
0  
0  
0  
0  
0  
0  
0  
0  
0  
0  
0  
0  
0  
0  
0  
0  
0  
0  
0  
0  
0  
0  
0  
0  
0  
0  
0  
0  
0  
0  
0  
0  
2 T 1549415092.775000 R 
1 T 1549415092.791000 
3 T 1549415092.807000 R T 1549415092.808000 
1 T 1549415092.823000 
1 T 1549415092.839000 
1 T 1549415092.856000 
1 T 1549415092.871000 
1 T 1549415092.888000 
1 T 1549415092.903000 
1 T 1549415092.919000 
1 T 1549415092.936000 
1 T 1549415092.951000 
1 T 1549415092.968000 
1 T 1549415092.983000 
1 T 1549415093.000000 
1 T 1549415093.016000 
1 T 1549415093.031000 
1 T 1549415093.048000 
1 T 1549415093.064000 
1 T 1549415093.081000 
1 T 1549415093.095000 
1 T 1549415093.112000 
1 T 1549415093.127000 
1 T 1549415093.144000 
1 T 1549415093.159000 
1 T 1549415093.175000 
1 T 1549415093.191000 
1 T 1549415093.207000 
1 T 1549415093.224000 
1 T 1549415093.240000 
1 T 1549415093.256000 
1 T 1549415093.271000 
1 T 1549415093.289000 
1 T 1549415093.304000 
1 T 1549415093.319000 
1 T 1549415093.335000 
1 T 1549415093.351000 
1 T 1549415093.368000 
1 T 1549415093.383000 
1 T 1549415093.400000 
1 T 1549415093.415000 
1 T 1549415093.432000 
1 T 1549415093.447000 
1 T 1549415093.464000 
1 T 1549415093.480000 
1 T 1549415093.496000 
1 T 1549415093.512000 
1 T 1549415093.527000 
1 T 1549415093.543000 
1 T 1549415093.560000 
1 T 1549415093.576000 
1 T 1549415093.591000 
1 T 1549415093.608000 
1 T 1549415093.623000 
1 T 1549415093.640000 
1 T 1549415093.656000 
1 T 1549415093.671000 
1 T 1549415093.687000 
1 T 1549415093.704000 
1 T 1549415093.719000 
1 T 1549415093.736000 
1 T 1549415093.751000 
1 T 1549415093.768000 
1 T 1549415093.784000 
1 T 1549415093.800000 
1 T 1549415093.816000 
1 T 1549415093.831000 
1 T 1549415093.847000 
1 T 1549415093.865000 
1 T 1549415093.880000 
0  
0  
0  
0  
0  
0  
0  
0  
0  
0  
0  
0  
0  
0  
0  
0  
0  
0  
0  
0  
0  
0  
0  
0  
0  
0  
0  
0  
0  
0  
0  
0  
2 T 1549415094.407000 R 
0  
0  
0  
0  
0  
0  
0  
0  
0  
0  
0  
0  
0  
0  
0  
0  
0  
0  
0  
0  
0  
0  
0  
0  
0  
0  
0  
0  
0  
0  
0  
0  
0  
0  
0  
0  
0  
0  
0  
0  
0  
0  
0  
0  
0  
0  
0  
0  
0  
0  
0  
0  
0  
0  
0  
0  
0  
0  
0  
0  
0  
0  
0  
0  
0  
0  
0  
0  
0  
0  
0  
0  
0  
0  
0  
0  
0  
0  
0  
0  
0  
0  
0  
0  
0  
0  
0  
0  
0  
0  
0  
0  
0  
0  
0  
0  
0  
0  
0  
2 T 1549415096.007000 R 
0  
0  
0  
0  
0  
0  
0  
0  
0  
0  
0  
0  
0  
0  
0  
0  
0  
0  
0  
0  
0  
0  
0  
0  
0  
0  
0  
0  
0  
0  
0  
0  
0  
0  
0  
0  
0  
0  
0  
0  
0  
0  
0  
0  
0  
0  
0  
0  
0  
0  
0  
0  
0  
0  
0  
0  
0  
0  
0  
0  
0  
0  
0  
0  
0  
0  
0  
0  
0  
0  
0  
0  
0  
0  
0  
0  
0  
0  
0  
0  
0  
0  
0  
0  
0  
0  
0  
0  
0  
0  
0  
0  
0  
0  
0  
0  
0  
0  
0  
2 T 1549415097.607000 R 
0  
0  
0  
0  
0  
0  
0  
0  
0  
0  
0  
0  
0  
0  
0  
0  
0  
0  
0  
0  
0  
0  
0  
0  
0  
0  
0  
0  
0  
0  
0  
0  
0  
0  
0  
0  
0  
0  
0  
0  
0  
0  
2  mm 532 398 kd 49 532 398
1  mm 513 350
1  mm 493 313
1  mm 473 283
1  mm 458 260
1  mm 441 242
2  mm 428 232 ku 49 428 232
1  mm 419 225
0  
1  mm 413 220
1  mm 405 215
1  mm 399 212
0  
0  
1  mm 399 213
1  mm 397 220
1  mm 394 232
1  mm 390 246
1  mm 387 259
1  mm 385 267
1  mm 383 272
1  mm 383 274
1  mm 383 275
1  mm 383 276
2  mm 383 277 mm 383 280
1  mm 383 281
1  mm 382 282
0  
0  
0  
0  
1  mb 1 1 382 282
0  
0  
0  
0  
0  
0  
1  mb 1 0 382 282
0  
1  mm 381 285
1  mm 380 289
1  mm 380 293
1  mm 380 294
1  mm 380 295
1  mm 380 296
1  mm 381 299
1  mm 382 300
1  mm 382 301
0  
1  mb 1 1 382 301
0  
0  
0  
0  
0  
1  mb 1 0 382 301
2 T 1549415099.209000 T 1549415099.210000 
0  
0  
0  
1  mm 383 301
1  mm 384 304
1  mm 387 306
1  mm 392 309
1  mm 399 311
1  mm 404 312
1  mm 407 313
1  mm 408 314
0  
0  
0  
0  
1  mm 409 314
1  mm 416 314
2  mm 429 314 kd 49 429 314
1  mm 459 314
1  mm 504 314
1  mm 545 314
1  mm 571 314
1  mm 590 314
1  mm 601 314
2  mm 605 316 ku 49 605 316
0  
2  mm 606 316 mm 607 317
1  mm 608 318
2  mm 609 319 mm 610 320
1  mm 614 322
1  mm 618 322
1  mm 624 322
1  mm 625 322
1  mm 626 321
0  
1  mm 626 319
1  mm 626 317
1  mm 626 316
1  mm 626 313
2  mm 626 312 mm 626 311
1  mm 627 307
1  mm 628 304
1  mm 630 301
1  mm 631 299
1  mm 632 298
0  
0  
0  
0  
0  
0  
0  
0  
0  
0  
0  
0  
0  
0  
0  
0  
0  
1  mm 630 298
1  mm 628 298
1  mm 623 300
1  mm 614 300
1  mm 604 300
1  mm 591 300
1  mm 579 301
1  mm 567 301
1  mm 556 301
1  mm 542 301
1  mm 527 301
1  mm 512 301
0  
1  mm 493 301
1  mm 481 301
2  mm 473 301 mm 471 301
2  mm 465 301 kd 49 465 301
1  mm 463 301
1  mm 457 301
1  mm 451 301
1  mm 444 302
1  mm 437 303
1  mm 432 304
2  mm 426 305 mm 424 306
2  mm 420 306 ku 49 420 306
0  
1  mm 416 306
0  
0  
0  
1  mm 414 306
1  mm 413 306
1  mm 411 306
1  mm 409 306
2  mm 408 306 mm 407 306
1  mm 406 306
2  mm 405 306 mm 404 306
3 T 1549415100.808000 R mm 403 306
0  
1  mm 401 306
0  
1  mm 400 306
0  
0  
0  
0  
0  
0  
0  
0  
0  
0  
0  
0  
0  
0  
0  
0  
0  
0  
0  
0  
0  
0  
0  
0  
0  
0  
0  
1  mb 1 1 400 306
0  
0  
0  
0  
0  
0  
0  
1  mb 1 0 400 306
0  
0  
0  
0  
0  
0  
0  
0  
1  mm 398 306
1  mm 396 306
2  mm 395 306 mm 394 306
0  
1  kd 49 394 306
0  
0  
1  mm 393 306
1  mm 391 306
1  mm 390 306
3  mm 389 306 mm 388 307 ku 49 388 307
1  mm 387 307
0  
0  
0  
0  
0  
1  mm 387 308
0  
1  mm 388 308
1  mm 391 309
1  mm 402 310
1  mm 418 310
1  mm 449 310
0  
1  mm 496 310
2  mm 515 310 mm 538 310
1  mm 557 310
1  mm 573 310
1  mm 584 311
1  mm 591 313
1  mm 595 313
1  mm 599 313
1  mm 603 313
1  mm 608 313
1  mm 613 313
1  mm 618 313
1  mm 623 313
2  mm 625 313 mm 628 313
1  mm 629 312
1  mm 630 312
0  
1  mm 631 311
1  mm 632 310
1  mm 634 308
1  mm 640 306
1  mm 646 306
1  mm 648 305
0  
1  mm 649 304
0  
2 T 1549415102.408000 R 
0  
0  
0  
0  
0  
0  
0  
0  
0  
0  
0  
0  
0  
0  
0  
0  
0  
0  
0  
0  
0  
0  
0  
0  
0  
0  
1  mb 1 1 649 304
0  
0  
0  
0  
0  
2 t 1549415102 mb 1 0 649 304
4 r wb 0 0 r r 
3 wb 0 0 r r 
4 wb 0 0 r r mm 649 306
4 wb 0 0 r r mm 646 306
4 wb 0 0 t 1549415103 r mm 645 308
4 wb 0 0 r r mm 644 308
4 wb 0 0 r r mm 641 309
4 wb 0 0 r r mm 639 311
4 wb 0 0 r r mm 638 311
4 wb 0 0 r r mm 636 312
4 wb 0 0 r r mm 634 313
4 wb 0 0 r r mm 632 313
3 wb 0 0 r r 
5 wb 0 0 r r mm 628 316 mm 625 316
4 wb 0 0 r r mm 621 317
4 wb 0 0 r r mm 609 319
4 wb 0 0 r r mm 599 321
4 wb 0 0 r r mm 587 322
4 wb 0 0 r r mm 576 325
4 wb 0 0 r r mm 567 325
4 wb 0 0 r r mm 559 327
4 wb 0 0 r r mm 553 328
4 wb 0 0 r r mm 548 328
4 wb 0 0 r r mm 545 328
4 wb 0 0 r r mm 544 328
3 wb 0 0 r r 
3 wb 0 0 r r 
3 wb 0 0 r r 
3 wb 0 0 r r 
3 wb 0 0 r r 
3 wb 0 0 r r 
3 wb 0 0 r r 
4 wb 0 1 wb 0 2 91 bigserver2.onehouronelife.com
8005
196
http://onehouronelife.com/updateServer/server.php
OK wb 0 2 91 bigserver2.onehouronelife.com
8005
196
http://onehouronelife.com/updateServer/server.php
OK T 1549415103.467000 
1 T 1549415103.484000 
1 T 1549415103.501000 
1 T 1549415103.514000 
1 T 1549415103.529000 
1 T 1549415103.545000 
1 T 1549415103.561000 
1 T 1549415103.577000 
1 T 1549415103.594000 
1 T 1549415103.609000 
1 T 1549415103.625000 
1 T 1549415103.641000 
1 T 1549415103.657000 
1 T 1549415103.674000 
1 T 1549415103.690000 
1 T 1549415103.706000 
1 T 1549415103.721000 
1 T 1549415103.737000 
1 T 1549415103.754000 
1 T 1549415103.769000 
1 T 1549415103.785000 
1 T 1549415103.801000 
1 T 1549415103.817000 
1 T 1549415103.834000 
1 T 1549415103.849000 
1 T 1549415103.866000 
1 T 1549415103.882000 
1 T 1549415103.897000 
1 T 1549415103.914000 
1 T 1549415103.929000 
1 T 1549415103.946000 
1 T 1549415103.962000 
1 T 1549415103.978000 
1 T 1549415103.994000 
3 T 1549415104.010000 R R 
1 T 1549415104.025000 
1 T 1549415104.041000 
1 T 1549415104.058000 
1 T 1549415104.073000 
1 T 1549415104.090000 
1 T 1549415104.105000 
1 T 1549415104.121000 
1 T 1549415104.138000 
1 T 1549415104.154000 
1 T 1549415104.170000 
1 T 1549415104.186000 
1 T 1549415104.202000 
1 T 1549415104.217000 
1 T 1549415104.234000 
1 T 1549415104.249000 
1 T 1549415104.265000 
1 T 1549415104.281000 
1 T 1549415104.297000 
1 T 1549415104.313000 
1 T 1549415104.329000 
1 T 1549415104.346000 
1 T 1549415104.361000 
1 T 1549415104.377000 
1 T 1549415104.394000 
1 T 1549415104.409000 
1 T 1549415104.426000 
1 T 1549415104.441000 
1 T 1549415104.458000 
9 T 1549415104.474000 xs 0 2 23 534E0A3133302F3630300A3231363937370A3139360A23 R xs 0 2 0 R R R R xs 0 0 171 
5 T 1549415104.489000 xs 0 2 0 R R R 
5 T 1549415104.506000 xs 0 2 0 R R R 
5 T 1549415104.521000 xs 0 2 0 R R R 
5 T 1549415104.538000 xs 0 2 0 R R R 
5 T 1549415104.554000 xs 0 2 0 R R R 
5 T 1549415104.570000 xs 0 2 0 R R R 
5 T 1549415104.586000 xs 0 2 0 R R R 
5 T 1549415104.601000 xs 0 2 0 R R R 
5 T 1549415104.617000 xs 0 2 0 R R R 
5 T 1549415104.633000 xs 0 2 0 R R R 
5 T 1549415104.649000 xs 0 2 0 R R R 
5 T 1549415104.666000 xs 0 2 0 R R R 
5 T 1549415104.682000 xs 0 2 0 R R R 
5 T 1549415104.697000 xs 0 2 0 R R R 
5 T 1549415104.714000 xs 0 2 0 R R R 
5 T 1549415104.730000 xs 0 2 0 R R R 
5 T 1549415104.746000 xs 0 2 0 R R R 
5 T 1549415104.761000 xs 0 2 0 R R R 
5 T 1549415104.778000 xs 0 2 0 R R R 
6 T 1549415104.794000 xs 0 2 0 R R R mm 543 328
5 T 1549415104.809000 xs 0 2 0 R R R 
5 T 1549415104.826000 xs 0 2 0 R R R 
5 T 1549415104.841000 xs 0 2 0 T 1549415104.842000 R R 
5 T 1549415104.857000 xs 0 2 0 R R R 
5 T 1549415104.874000 xs 0 2 0 R R R 
5 T 1549415104.889000 xs 0 2 0 R R R 
5 T 1549415104.905000 xs 0 2 0 R R R 
5 T 1549415104.922000 xs 0 2 0 R R R 
5 T 1549415104.937000 xs 0 2 0 R R R 
5 T 1549415104.954000 xs 0 2 0 R R R 
5 T 1549415104.969000 xs 0 2 0 T 1549415104.970000 R R 
5 T 1549415104.985000 xs 0 2 0 R R R 
5 T 1549415105.002000 xs 0 2 0 R R R 
5 T 1549415105.017000 xs 0 2 0 R R R 
5 T 1549415105.034000 xs 0 2 0 R R R 
5 T 1549415105.049000 xs 0 2 0 R R R 
5 T 1549415105.066000 xs 0 2 0 R R R 
5 T 1549415105.081000 xs 0 2 0 R R R 
5 T 1549415105.097000 xs 0 2 0 R R R 
5 T 1549415105.113000 xs 0 2 0 R R R 
5 T 1549415105.129000 xs 0 2 0 R R R 
5 T 1549415105.146000 xs 0 2 0 R R R 
5 T 1549415105.162000 xs 0 2 0 R R R 
5 T 1549415105.177000 xs 0 2 0 R R R 
5 T 1549415105.193000 xs 0 2 0 R R R 
5 T 1549415105.209000 xs 0 2 0 T 1549415105.210000 R R 
5 T 1549415105.225000 xs 0 2 0 R R R 
5 T 1549415105.242000 xs 0 2 0 R R R 
5 T 1549415105.257000 xs 0 2 0 R R R 
5 T 1549415105.273000 xs 0 2 0 R R R 
5 T 1549415105.289000 xs 0 2 0 R R R 
5 T 1549415105.305000 xs 0 2 0 R R R 
5 T 1549415105.321000 xs 0 2 0 R R R 
5 T 1549415105.338000 xs 0 2 0 R R R 
5 T 1549415105.353000 xs 0 2 0 R R R 
5 T 1549415105.370000 xs 0 2 0 R R R 
5 T 1549415105.385000 xs 0 2 0 R R R 
5 T 1549415105.402000 xs 0 2 0 R R R 
5 T 1549415105.417000 xs 0 2 10 52454A45435445440A23 xs 0 3 -1 R R 
4 T 1549415105.433000 xs 0 3 -1 R R 
4 T 1549415105.457000 xs 0 3 -1 R R 
4 T 1549415105.465000 xs 0 3 -1 R R 
6 T 1549415105.481000 xs 0 3 -1 R R T 1549415105.482000 R 
1 T 1549415105.498000 
1 T 1549415105.513000 
1 T 1549415105.530000 
1 T 1549415105.546000 
1 T 1549415105.563000 
1 T 1549415105.578000 
1 T 1549415105.593000 
3 T 1549415105.609000 R R 
1 T 1549415105.626000 
1 T 1549415105.642000 
1 T 1549415105.658000 
1 T 1549415105.673000 
1 T 1549415105.690000 
1 T 1549415105.706000 
1 T 1549415105.722000 
1 T 1549415105.738000 
1 T 1549415105.753000 
1 T 1549415105.770000 
1 T 1549415105.786000 
1 T 1549415105.801000 
1 T 1549415105.818000 
1 T 1549415105.834000 
1 T 1549415105.850000 
2 T 1549415105.865000 mm 540 328
3 T 1549415105.882000 mm 535 329 mm 532 329
2 T 1549415105.898000 mm 525 330
2 T 1549415105.915000 mm 521 330
3 T 1549415105.930000 mm 519 330 mm 517 330
3 T 1549415105.945000 mm 513 331 mm 512 331
2 T 1549415105.966000 mm 510 332
3 T 1549415105.978000 mm 508 333 mm 507 333
1 T 1549415105.995000 
3 T 1549415106.010000 mm 504 333 mm 503 333
2 T 1549415106.026000 mm 502 333
2 T 1549415106.042000 mm 500 333
2 T 1549415106.058000 mm 496 333
2 T 1549415106.074000 mm 491 333
2 T 1549415106.089000 mm 486 333
2 T 1549415106.106000 mm 481 333
2 T 1549415106.121000 mm 476 333
2 T 1549415106.138000 mm 473 333
2 T 1549415106.154000 mm 469 333
2 T 1549415106.170000 mm 465 333
2 T 1549415106.185000 mm 460 333
2 T 1549415106.201000 mm 455 332
2 T 1549415106.218000 mm 449 330
2 T 1549415106.235000 mm 442 325
2 T 1549415106.250000 mm 436 320
1 T 1549415106.266000 
3 T 1549415106.282000 mm 430 310 mm 425 304
2 T 1549415106.297000 mm 420 295
3 T 1549415106.314000 mm 415 288 mm 409 279
2 T 1549415106.330000 mm 406 270
2 T 1549415106.346000 mm 403 258
2 T 1549415106.362000 mm 401 251
2 T 1549415106.377000 mm 401 248
2 T 1549415106.394000 mm 401 246
1 T 1549415106.410000 
1 T 1549415106.426000 
1 T 1549415106.442000 
1 T 1549415106.457000 
1 T 1549415106.474000 
1 T 1549415106.489000 
1 T 1549415106.505000 
1 T 1549415106.522000 
2 T 1549415106.538000 mm 401 245
1 T 1549415106.554000 
2 T 1549415106.569000 mm 401 243
2 T 1549415106.586000 mm 405 242
1  mm 412 240
1  mm 416 238
1  mm 417 237
1  mm 419 237
0  
0  
0  
0  
0  
0  
0  
0  
0  
0  
0  
0  
0  
0  
1  mm 417 233
1  mm 414 231
1  mm 409 229
1  mm 405 227
1  mm 402 227
1  mm 399 225
0  
1  mm 398 225
0  
0  
0  
0  
0  
0  
0  
0  
0  
0  
0  
0  
2 T 1549415107.209000 R 
0  
0  
0  
0  
0  
0  
0  
0  
0  
0  
0  
0  
1  mm 397 225
1  mm 396 225
0  
2  mm 394 224 mm 392 224
1  mm 390 224
1  mm 388 224
1  mm 387 224
2  mm 386 224 mm 385 224
0  
0  
0  
0  
0  
0  
0  
0  
0  
0  
1  mm 384 224
1  mm 383 224
1  mm 383 223
0  
0  
0  
0  
1  mm 382 222
1  mm 381 221
1  mm 380 219
0  
0  
0  
0  
0  
0  
0  
0  
0  
1  mb 1 1 380 219
0  
0  
0  
0  
0  
1  md 379 219
1  md 372 219
1  md 362 219
1  md 348 219
1  md 334 219
1  md 318 219
1  md 304 219
1  md 298 219
2  md 292 219 md 286 219
1  md 276 219
1  md 270 219
1  md 266 219
1  md 265 219
1  md 264 219
0  
0  
0  
0  
0  
1  mb 1 0 264 219
0  
0  
0  
0  
0  
1  mm 265 219
1  mm 268 220
1  mm 274 222
1  mm 282 222
1  mm 292 222
1  mm 298 222
1  mm 303 222
1  mm 306 222
0  
1  mm 307 222
0  
0  
1  mm 308 222
1  mm 311 222
1  mm 313 222
2  mm 316 222 mm 318 222
1  mm 319 222
0  
0  
2 T 1549415108.810000 R 
1  mb 1 1 319 222
0  
0  
0  
0  
0  
0  
1  mb 1 0 319 222
0  
0  
0  
1  mm 320 222
0  
1  mm 322 222
2  mm 324 222 mm 330 222
1  mm 335 222
1  mm 338 222
1  mm 340 222
1  mm 341 222
1  mm 342 222
1  mm 346 222
1  mm 350 222
1  mm 354 222
1  mm 356 224
2  mm 357 225 mm 358 225
2  mm 358 226 mm 360 227
1  mm 361 228
1  mm 361 229
0  
0  
0  
0  
0  
0  
0  
1  mm 363 229
0  
1  mm 367 232
1  mm 374 236
1  mm 379 240
1  mm 384 241
1  mm 388 244
1  mm 390 245
1  mm 392 247
1  mm 394 248
1  mm 396 249
1  mm 398 251
0  
1  mm 399 251
0  
0  
0  
0  
0  
0  
0  
0  
0  
0  
0  
0  
0  
0  
0  
0  
0  
0  
0  
0  
0  
0  
0  
0  
0  
0  
0  
0  
0  
0  
0  
0  
0  
0  
0  
0  
0  
0  
0  
0  
0  
0  
0  
0  
1  kd 8 399 251
0  
0  
0  
0  
0  
2 T 1549415110.409000 R 
0  
0  
0  
1  ku 8 399 251
1  mm 399 250
1  mm 400 250
1  mm 401 250
1  mm 401 251
0  
0  
0  
1  mm 403 251
1  mm 405 253
2  mm 407 254 mm 408 254
1  mm 410 254
2  mm 412 255 mm 415 255
1  mm 417 256
1  mm 425 256
1  mm 434 258
1  mm 447 258
1  mm 463 258
1  mm 482 258
1  mm 512 255
2  mm 531 251 mm 581 245
1  mm 638 241
1  mm 692 233
1  mm 746 227
1  mm 794 227
0  
0  
0  
0  
0  
0  
0  
0  
0  
0  
0  
0  
0  
0  
0  
0  
0  
0  
0  
0  
0  
0  
0  
0  
0  
0  
0  
0  
0  
0  
0  
0  
0  
0  
0  
0  
0  
0  
0  
0  
0  
0  
0  
0  
0  
0  
0  
0  
0  
0  
0  
0  
0  
0  
0  
0  
0  
0  
0  
0  
0  
0  
0  
0  
0  
0  
0  
0  
0  
0  
0  
2 T 1549415112.010000 R 
0  
0  
0  
0  
0  
0  
0  
0  
0  
0  
0  
0  
0  
0  
0  
0  
0  
0  
0  
0  
0  
0  
0  
0  
0  
0  
0  
0  
0  
0  
0  
0  
0  
0  
0  
0  
0  
0  
0  
0  
0  
0  
0  
0  
0  
0  
0  
0  
0  
0  
0  
0  
0  
0  
0  
0  
0  
0  
0  
0  
0  
0  
0  
0  
0  
0  
0  
0  
0  
0  
0  
0  
0  
0  
0  
0  
0  
0  
0  
0  
0  
0  
0  
0  
0  
0  
0  
0  
0  
0  
0  
0  
0  
0  
0  
0  
0  
0  
0  
2 T 1549415113.610000 R 
0  
0  
0  
0  
0  
0  
0  
0  
0  
0  
0  
0  
0  
0  
0  
0  
0  
0  
0  
0  
0  
0  
0  
0  
0  
0  
0  
0  
0  
0  
0  
0  
0  
0  
0  
0  
0  
0  
0  
0  
0  
0  
0  
0  
0  
0  
0  
0  
0  
0  
0  
0  
0  
0  
0  
0  
0  
0  
0  
0  
0  
0  
0  
0  
0  
0  
0  
0  
0  
0  
0  
0  
0  
0  
0  
0  
0  
0  
0  
0  
0  
0  
0  
0  
0  
0  
0  
0  
0  
0  
0  
0  
0  
0  
0  
0  
0  
0  
0  
2 T 1549415115.209000 R 
0  
0  
0  
0  
0  
0  
0  
0  
0  
0  
0  
0  
0  
0  
0  
0  
0  
0  
0  
0  
0  
0  
0  
0  
0  
0  
0  
0  
0  
0  
0  
0  
0  
0  
0  
0  
0  
0  
0  
0  
0  
0  
0  
0  
0  
0  
0  
0  
0  
0  
0  
0  
0  
0  
0  
0  
0  
0  
0  
0  
0  
0  
0  
0  
0  
0  
0  
0  
0  
0  
0  
0  
0  
0  
0  
0  
0  
0  
0  
0  
0  
0  
0  
0  
0  
0  
0  
0  
0  
0  
0  
0  
0  
0  
0  
0  
0  
0  
0  
2 T 1549415116.809000 R 
0  
0  
0  
0  
0  
0  
0  
0  
0  
0  
0  
0  
0  
0  
0  
0  
0  
0  
0  
0  
0  
0  
0  
0  
0  
0  
0  
0  
0  
0  
0  
0  
0  
0  
0  
0  
0  
0  
0  
0  
0  
0  
0  
0  
0  
0  
0  
0  
0  
0  
0  
0  
0  
0  
0  
0  
0  
0  
0  
0  
0  
0  
0  
0  
0  
0  
0  
0  
0  
0  
0  
0  
0  
0  
0  
0  
0  
0  
0  
0  
0  
0  
0  
0  
0  
0  
0  
0  
0  
0  
0  
0  
0  
0  
0  
0  
0  
0  
0  
2 T 1549415118.410000 R 
0  
0  
0  
0  
0  
0  
0  
0  
0  
0  
0  
0  
0  
0  
0  
0  
0  
0  
0  
0  
0  
0  
0  
0  
0  
0  
0  
0  
0  
0  
0  
0  
0  
0  
0  
0  
0  
0  
0  
0  
0  
0  
0  
0  
0  
0  
0  
0  
0  
0  
0  
0  
0  
0  
0  
0  
0  
0  
0  
0  
0  
0  
0  
0  
0  
0  
0  
0  
0  
0  
0  
0  
0  
0  
0  
0  
0  
0  
0  
0  
0  
0  
0  
0  
0  
0  
0  
0  
0  
1  mm 797 288
1  mm 770 308
1  mm 755 321
1  mm 745 331
1  mm 741 337
1  mm 739 341
1  mm 739 343
0  
0  
1  mm 738 344
3 T 1549415120.011000 R mm 737 346
1  mm 733 351
1  mm 730 357
1  mm 727 362
1  mm 725 367
1  mm 722 372
1  mm 720 377
1  mm 719 380
2  mm 718 382 mm 718 383
0  
0  
0  
0  
0  
0  
0  
0  
0  
0  
0  
0  
0  
0  
0  
0  
0  
0  
0  
0  
0  
0  
0  
0  
0  
0  
0  
0  
0  
0  
0  
0  
0  
0  
0  
0  
0  
0  
0  
0  
0  
0  
0  
0  
0  
0  
0  
0  
0  
0  
0  
0  
0  
0  
0  
0  
0  
0  
0  
0  
0  
0  
0  
0  
0  
0  
0  
0  
0  
1  mm 610 462
1  mm 607 456
1  mm 602 448
1  mm 595 440
1  mm 585 432
2  mm 580 427 mm 571 416
1  mm 561 405
1  mm 555 398
1  mm 547 390
1  mm 539 380
1  mm 532 373
1  mm 525 367
1  mm 519 358
1  mm 513 352
1  mm 508 345
1  mm 502 338
1  mm 493 327
1  mm 484 315
1  mm 476 298
0  
1  mm 466 275
1  mm 457 257
3 T 1549415121.612000 R mm 448 243
1  mm 441 231
1  mm 433 220
1  mm 429 216
1  mm 428 213
1  mm 428 212
0  
0  
0  
0  
0  
0  
0  
0  
1  mm 428 213
1  mm 428 215
1  mm 428 217
1  mm 428 219
0  
1  mm 428 220
0  
0  
0  
0  
0  
0  
0  
1  mb 1 1 428 220
0  
0  
0  
0  
0  
0  
1  mb 1 0 428 220
0  
0  
0  
0  
0  
0  
0  
0  
0  
0  
0  
0  
0  
0  
0  
0  
1  mm 429 222
1  mm 431 224
1  mm 437 228
1  mm 441 230
2  mm 444 230 mm 448 232
2  mm 452 233 mm 464 237
1  mm 480 241
1  mm 501 248
1  mm 513 253
1  mm 524 256
1  mm 530 259
1  mm 533 259
1  mm 533 260
0  
0  
0  
0  
0  
0  
0  
0  
0  
0  
0  
0  
0  
0  
0  
0  
0  
0  
0  
0  
0  
0  
0  
1  mm 535 261
1  mm 540 261
1  mm 552 261
1  mm 567 261
1  mm 593 261
1  mm 610 261
2  mm 648 261 mm 691 261
0  
1  mm 727 261
1  mm 753 261
1  mm 774 261
1  mm 794 261
0  
2 T 1549415123.211000 R 
0  
0  
0  
0  
0  
0  
0  
0  
0  
0  
0  
0  
0  
0  
0  
0  
0  
0  
0  
0  
0  
0  
0  
0  
0  
0  
0  
0  
0  
0  
0  
0  
0  
0  
0  
0  
0  
0  
0  
0  
0  
0  
0  
0  
0  
0  
0  
0  
0  
0  
0  
0  
0  
0  
0  
0  
0  
0  
0  
0  
0  
0  
0  
0  
0  
0  
0  
0  
0  
0  
0  
0  
0  
0  
0  
0  
0  
0  
0  
0  
0  
0  
0  
0  
0  
0  
0  
0  
0  
0  
0  
0  
0  
0  
0  
0  
0  
0  
0  
2 T 1549415124.812000 R 
0  
0  
0  
0  
0  
0  
0  
0  
0  
0  
0  
0  
0  
0  
0  
0  
0  
0  
0  
0  
0  
0  
0  
0  
0  
0  
0  
0  
0  
0  
0  
0  
0  
0  
0  
0  
0  
0  
0  
0  
0  
0  
0  
0  
0  
0  
0  
0  
0  
0  
0  
0  
0  
0  
0  
0  
0  
1  mm 788 242
1  mm 740 242
1  mm 689 242
1  mm 640 245
2  mm 621 245 mm 586 245
1  mm 553 245
0  
1  mm 522 245
1  mm 499 245
1  mm 475 246
1  mm 451 249
1  mm 435 250
1  mm 421 252
1  mm 411 254
1  mm 403 256
1  mm 397 259
1  mm 393 260
1  mm 392 261
0  
0  
1  mm 391 261
0  
0  
0  
0  
0  
0  
0  
0  
0  
1  mm 390 261
0  
0  
0  
1  mm 389 261
1  mm 389 256
1  mm 389 253
1  mm 390 249
1  mm 391 247
1  mm 393 241
1  mm 394 235
2  mm 395 230 mm 398 225
3 T 1549415126.411000 R mm 399 220
1  mm 400 219
0  
0  
0  
1  mb 1 1 400 219
0  
0  
0  
0  
0  
0  
0  
0  
1  mb 1 0 400 219
0  
0  
1  mm 402 217
1  mm 407 215
1  mm 409 215
1  mm 410 215
0  
0  
0  
1  mm 411 216
0  
1  mm 410 216
0  
1  mm 409 217
1  mm 407 218
1  mm 405 219
0  
0  
0  
0  
0  
0  
0  
0  
0  
0  
0  
0  
0  
0  
0  
0  
0  
0  
1  mm 403 220
0  
0  
0  
0  
0  
0  
0  
0  
0  
0  
0  
0  
0  
0  
0  
0  
0  
0  
0  
0  
0  
1  kd 55 403 220
0  
0  
0  
0  
0  
0  
0  
0  
0  
1  kd 54 403 220
0  
0  
0  
0  
0  
0  
0  
0  
0  
0  
0  
0  
1  kd 53 403 220
0  
0  
0  
0  
0  
2 T 1549415128.014000 R 
0  
0  
0  
0  
0  
0  
0  
0  
0  
0  
0  
0  
0  
0  
0  
0  
0  
0  
0  
0  
0  
0  
0  
0  
0  
1  kd 54 403 220
0  
0  
0  
0  
0  
0  
0  
0  
0  
0  
0  
0  
0  
0  
0  
0  
0  
0  
0  
0  
0  
0  
0  
0  
0  
0  
0  
0  
0  
0  
0  
0  
0  
0  
0  
0  
0  
0  
0  
0  
0  
0  
0  
0  
0  
0  
0  
0  
0  
0  
0  
0  
0  
0  
0  
0  
0  
0  
0  
0  
0  
0  
0  
0  
0  
0  
1  kd 49 403 220
0  
0  
0  
0  
0  
0  
2 T 1549415129.613000 R 
0  
0  
1  kd 49 403 220
0  
0  
0  
0  
0  
0  
0  
0  
0  
0  
0  
0  
0  
0  
0  
0  
0  
0  
0  
0  
0  
0  
0  
0  
0  
0  
0  
0  
0  
0  
0  
0  
0  
0  
0  
0  
0  
0  
0  
0  
0  
0  
0  
0  
0  
0  
0  
0  
0  
0  
0  
0  
0  
0  
0  
0  
0  
0  
0  
0  
0  
0  
0  
0  
0  
0  
0  
0  
0  
0  
0  
0  
0  
0  
0  
0  
0  
0  
0  
0  
0  
0  
0  
0  
0  
0  
0  
0  
0  
0  
0  
0  
0  
0  
0  
0  
2 T 1549415131.212000 T 1549415131.213000 
0  
0  
0  
0  
0  
0  
0  
0  
0  
0  
1  kd 57 403 220
0  
0  
0  
0  
0  
0  
0  
0  
0  
0  
0  
0  
0  
0  
0  
0  
0  
0  
0  
0  
0  
0  
0  
0  
0  
0  
0  
0  
0  
0  
0  
0  
0  
0  
0  
0  
0  
0  
0  
1  kd 56 403 220
0  
0  
0  
0  
0  
0  
0  
0  
0  
0  
0  
0  
0  
0  
0  
0  
0  
0  
0  
0  
0  
0  
0  
0  
0  
0  
0  
0  
0  
0  
0  
0  
0  
0  
0  
0  
0  
0  
0  
0  
0  
0  
0  
0  
0  
1  kd 51 403 220
0  
0  
2 T 1549415132.813000 R 
0  
0  
0  
0  
0  
0  
0  
0  
1  kd 51 403 220
0  
0  
0  
0  
0  
0  
0  
0  
0  
0  
0  
0  
0  
0  
0  
1  kd 57 403 220
0  
0  
0  
0  
0  
0  
0  
0  
0  
0  
0  
0  
0  
1  kd 54 403 220
0  
0  
0  
0  
0  
0  
0  
0  
0  
0  
0  
0  
0  
0  
0  
0  
0  
0  
0  
0  
0  
0  
1  kd 57 403 220
0  
0  
0  
0  
0  
0  
0  
0  
0  
0  
0  
0  
1  kd 54 403 220
0  
0  
0  
0  
0  
0  
0  
0  
0  
0  
0  
0  
0  
0  
0  
0  
0  
0  
0  
0  
0  
0  
0  
0  
2 T 1549415134.413000 R 
0  
0  
0  
0  
0  
0  
0  
0  
0  
0  
0  
0  
0  
0  
1  kd 55 403 220
0  
0  
0  
0  
0  
0  
0  
0  
0  
0  
1  kd 54 403 220
0  
0  
0  
0  
0  
0  
0  
0  
0  
0  
0  
0  
0  
0  
1  kd 51 403 220
0  
0  
0  
0  
0  
0  
0  
0  
0  
0  
0  
0  
0  
0  
0  
0  
0  
0  
0  
0  
0  
0  
0  
0  
0  
0  
0  
0  
1  mm 407 220
1  mm 413 221
0  
0  
0  
0  
0  
0  
1  mm 409 223
1  mm 406 224
1  mm 403 228
1  mm 403 230
0  
2  mm 401 234 mm 400 238
1  mm 396 251
1  mm 390 264
1  mm 388 274
1  mm 386 283
1  mm 386 288
1  mm 386 290
1  mm 386 291
0  
0  
0  
0  
0  
0  
1  mb 1 1 386 291
0  
0  
2 T 1549415136.013000 R 
0  
0  
0  
1  mb 1 0 386 291
1  mm 386 292
1  mm 389 296
1  mm 391 298
1  mm 392 300
2  mm 393 301 mm 394 302
1  mm 396 304
0  
1  mm 398 305
1  mm 398 306
0  
0  
0  
0  
1  mm 399 307
1  mm 399 308
0  
0  
0  
0  
0  
0  
0  
0  
0  
0  
0  
0  
0  
0  
1  mm 400 308
0  
0  
0  
0  
0  
0  
0  
0  
0  
0  
0  
0  
0  
0  
0  
0  
0  
1  mb 1 1 400 308
0  
0  
0  
0  
0  
1  mb 1 0 400 308
0  
0  
0  
0  
0  
0  
0  
0  
0  
0  
0  
0  
0  
0  
0  
0  
0  
0  
0  
0  
0  
0  
0  
0  
0  
0  
0  
0  
0  
0  
0  
0  
0  
0  
0  
0  
0  
0  
0  
0  
0  
2 T 1549415137.613000 R 
0  
0  
0  
0  
0  
0  
0  
0  
0  
0  
0  
0  
0  
0  
0  
0  
0  
0  
0  
0  
0  
0  
0  
0  
0  
0  
0  
0  
0  
0  
0  
0  
0  
0  
0  
0  
0  
0  
1  kd 112 400 308
0  
0  
0  
0  
1  ku 112 400 308
0  
0  
0  
0  
0  
0  
0  
0  
0  
0  
0  
0  
0  
0  
0  
0  
0  
0  
0  
0  
0  
0  
0  
0  
1  kd 119 400 308
0  
0  
0  
0  
0  
0  
1  ku 119 400 308
0  
0  
0  
0  
0  
0  
0  
0  
0  
0  
0  
0  
0  
0  
0  
0  
0  
0  
0  
0  
0  
0  
0  
2 T 1549415139.213000 R 
0  
0  
0  
0  
0  
0  
0  
0  
0  
0  
0  
0  
0  
0  
0  
0  
0  
0  
0  
0  
0  
0  
0  
0  
0  
0  
0  
0  
0  
0  
0  
0  
0  
0  
0  
0  
1  kd 110 400 308
0  
0  
0  
1  ku 110 400 308
0  
0  
0  
0  
0  
0  
1  kd 107 400 308
0  
0  
0  
0  
1  ku 107 400 308
0  
0  
0  
0  
0  
0  
0  
0  
0  
0  
0  
0  
0  
0  
0  
0  
0  
0  
0  
0  
0  
0  
0  
0  
0  
0  
0  
0  
0  
0  
1  kd 119 400 308
0  
0  
0  
0  
0  
1  ku 119 400 308
0  
0  
0  
0  
0  
0  
0  
0  
0  
2 T 1549415140.814000 R 
0  
0  
0  
0  
0  
0  
1  kd 45 400 308
0  
0  
0  
0  
1  ku 45 400 308
0  
0  
0  
0  
0  
0  
0  
0  
0  
0  
0  
0  
0  
0  
0  
0  
0  
0  
0  
0  
0  
0  
0  
0  
0  
0  
0  
0  
0  
0  
0  
0  
0  
0  
0  
0  
0  
0  
0  
0  
0  
0  
1  kd 52 400 308
0  
0  
0  
0  
0  
0  
0  
0  
0  
0  
1  kd 119 400 308
0  
0  
0  
0  
0  
0  
1  ku 119 400 308
0  
0  
0  
0  
0  
0  
0  
0  
0  
0  
1  kd 54 400 308
0  
0  
0  
0  
0  
0  
0  
0  
0  
0  
0  
1  kd 54 400 308
0  
0  
0  
2 T 1549415142.415000 R 
0  
0  
0  
0  
0  
0  
0  
0  
0  
0  
0  
0  
0  
0  
0  
0  
0  
0  
0  
0  
0  
0  
0  
0  
0  
0  
0  
0  
0  
0  
0  
0  
0  
0  
0  
0  
0  
0  
0  
0  
0  
0  
0  
0  
0  
0  
0  
0  
0  
1  kd 106 400 308
0  
0  
0  
0  
1  ku 106 400 308
0  
0  
0  
0  
0  
0  
0  
0  
0  
0  
0  
0  
0  
0  
0  
0  
0  
0  
0  
0  
0  
0  
0  
0  
0  
0  
0  
0  
0  
0  
0  
0  
0  
0  
0  
0  
0  
0  
0  
0  
0  
0  
0  
0  
2 T 1549415144.015000 R 
0  
0  
0  
0  
0  
0  
0  
0  
0  
0  
0  
0  
1  kd 45 400 308
0  
0  
0  
0  
0  
0  
0  
0  
0  
0  
0  
0  
0  
0  
0  
0  
0  
0  
0  
0  
0  
0  
0  
0  
0  
0  
0  
0  
0  
0  
0  
0  
0  
0  
0  
0  
0  
0  
0  
0  
0  
0  
0  
0  
0  
0  
0  
0  
0  
0  
0  
0  
0  
0  
0  
0  
0  
0  
0  
0  
1  kd 116 400 308
0  
0  
0  
0  
0  
1  ku 116 400 308
0  
0  
0  
0  
0  
0  
0  
0  
0  
0  
0  
0  
0  
0  
0  
0  
0  
0  
0  
2 T 1549415145.614000 R 
0  
0  
0  
0  
0  
0  
0  
0  
0  
0  
0  
0  
0  
0  
0  
0  
0  
0  
0  
0  
0  
0  
0  
0  
0  
0  
0  
0  
0  
0  
0  
0  
0  
0  
0  
0  
0  
0  
0  
0  
0  
0  
0  
0  
0  
0  
0  
0  
0  
0  
0  
0  
0  
0  
0  
0  
0  
0  
0  
0  
0  
0  
0  
0  
0  
0  
0  
0  
0  
1  kd 106 400 308
0  
0  
0  
1  ku 106 400 308
0  
0  
0  
0  
1  kd 106 400 308
0  
0  
0  
0  
1  ku 106 400 308
0  
0  
0  
0  
0  
0  
0  
0  
0  
0  
0  
0  
0  
0  
0  
2 T 1549415147.214000 R 
0  
0  
0  
0  
0  
0  
0  
0  
0  
0  
0  
0  
0  
0  
0  
0  
0  
0  
0  
0  
0  
0  
0  
0  
0  
0  
0  
0  
0  
0  
0  
0  
0  
0  
0  
0  
0  
0  
0  
0  
0  
0  
0  
0  
0  
0  
0  
0  
0  
0  
0  
0  
0  
0  
0  
0  
0  
0  
0  
0  
0  
0  
1  kd 56 400 308
0  
0  
0  
0  
0  
0  
0  
0  
0  
0  
0  
0  
0  
0  
0  
0  
0  
0  
0  
0  
0  
0  
0  
0  
0  
0  
0  
0  
0  
0  
0  
0  
1  kd 112 400 308
0  
0  
0  
3 T 1549415148.816000 R ku 112 400 308
0  
0  
0  
0  
0  
0  
0  
0  
0  
0  
0  
0  
0  
0  
0  
0  
0  
0  
0  
0  
0  
0  
0  
0  
0  
0  
0  
0  
0  
0  
0  
0  
0  
0  
0  
0  
0  
0  
0  
0  
0  
0  
0  
0  
0  
0  
0  
0  
0  
0  
0  
0  
0  
0  
0  
0  
0  
0  
0  
0  
0  
0  
0  
0  
0  
0  
0  
0  
0  
0  
1  kd 45 400 308
0  
0  
0  
0  
0  
0  
0  
0  
0  
0  
0  
0  
0  
0  
0  
0  
0  
0  
0  
0  
0  
0  
0  
0  
0  
0  
0  
1  kd 56 400 308
2 T 1549415150.415000 R 
0  
0  
0  
0  
0  
0  
0  
0  
0  
0  
0  
0  
0  
0  
0  
0  
0  
0  
0  
0  
0  
0  
0  
0  
0  
0  
0  
1  kd 102 400 308
0  
0  
0  
0  
0  
0  
0  
1  ku 102 400 308
0  
0  
0  
0  
0  
0  
0  
0  
0  
0  
0  
0  
0  
0  
0  
0  
0  
0  
0  
0  
0  
0  
0  
0  
0  
0  
0  
0  
0  
0  
0  
0  
0  
1  kd 101 400 308
0  
0  
0  
0  
0  
0  
1  ku 101 400 308
0  
0  
0  
0  
0  
0  
0  
0  
0  
0  
0  
0  
0  
0  
0  
0  
0  
0  
0  
0  
0  
0  
3 T 1549415152.015000 R kd 52 400 308
0  
0  
0  
0  
0  
0  
0  
0  
0  
0  
0  
0  
0  
0  
0  
0  
0  
0  
0  
0  
0  
0  
0  
0  
0  
0  
0  
0  
0  
0  
0  
0  
0  
0  
1  mm 448 284
1  mm 487 257
1  mm 532 240
1  mm 569 228
1  mm 599 222
1  mm 610 221
1  mm 613 221
1  mm 613 225
1  mm 613 227
1  mm 614 238
2  mm 615 246 mm 617 255
1  mm 620 267
1  mm 624 280
1  mm 626 288
1  mm 626 295
1  mm 627 300
1  mm 628 301
1  mm 630 302
0  
1  mm 633 302
1  mm 639 302
1  mm 645 303
1  mm 648 303
1  mm 650 303
0  
0  
0  
1  mb 1 1 650 303
0  
0  
0  
0  
2 t 1549415153 mb 1 0 650 303
4 r wb 1 0 r r 
3 wb 1 0 r r 
3 wb 1 0 r r 
3 wb 1 0 r r 
3 wb 1 0 r r 
3 wb 1 0 r r 
3 wb 1 0 r r 
3 wb 1 0 r r 
3 wb 1 0 r r 
3 wb 1 0 r r 
3 wb 1 0 r r 
3 wb 1 0 r r 
3 wb 1 0 r r 
3 wb 1 0 r r 
3 wb 1 0 r r 
3 wb 1 0 r r 
3 wb 1 0 r r 
3 wb 1 0 r r 
3 wb 1 0 r r 
3 wb 1 0 r r 
3 wb 1 0 r r 
3 wb 1 0 r r 
3 wb 1 0 r r 
3 wb 1 0 r r 
3 wb 1 0 r r 
3 wb 1 0 r r 
3 wb 1 0 r r 
3 wb 1 0 r r 
4 wb 1 1 wb 1 2 91 bigserver2.onehouronelife.com
8005
196
http://onehouronelife.com/updateServer/server.php
OK wb 1 2 91 bigserver2.onehouronelife.com
8005
196
http://onehouronelife.com/updateServer/server.php
OK T 1549415153.553000 
1 T 1549415153.566000 
1 T 1549415153.583000 
2 T 1549415153.599000 mm 651 303
4 T 1549415153.614000 R R mm 652 303
1 T 1549415153.630000 
1 T 1549415153.646000 
1 T 1549415153.662000 
1 T 1549415153.678000 
1 T 1549415153.695000 
1 T 1549415153.711000 
1 T 1549415153.726000 
1 T 1549415153.742000 
2 T 1549415153.758000 mm 652 301
1 T 1549415153.774000 
1 T 1549415153.791000 
1 T 1549415153.806000 
1 T 1549415153.823000 
1 T 1549415153.838000 
1 T 1549415153.854000 
1 T 1549415153.871000 
1 T 1549415153.886000 
1 T 1549415153.903000 
1 T 1549415153.918000 
1 T 1549415153.934000 
1 T 1549415153.950000 
1 T 1549415153.966000 
1 T 1549415153.982000 
1 T 1549415153.998000 
1 T 1549415154.014000 
1 T 1549415154.031000 
1 T 1549415154.046000 
1 T 1549415154.062000 
1 T 1549415154.079000 
1 T 1549415154.094000 
1 T 1549415154.110000 
1 T 1549415154.126000 
1 T 1549415154.143000 
1 T 1549415154.159000 
1 T 1549415154.174000 
1 T 1549415154.191000 
1 T 1549415154.206000 
1 T 1549415154.222000 
1 T 1549415154.239000 
1 T 1549415154.255000 
1 T 1549415154.271000 
1 T 1549415154.286000 
1 T 1549415154.302000 
1 T 1549415154.319000 
1 T 1549415154.334000 
1 T 1549415154.351000 
1 T 1549415154.367000 
1 T 1549415154.382000 
1 T 1549415154.399000 
1 T 1549415154.414000 
1 T 1549415154.431000 
1 T 1549415154.447000 
1 T 1549415154.462000 
1 T 1549415154.479000 
1 T 1549415154.494000 
1 T 1549415154.511000 
1 T 1549415154.527000 
1 T 1549415154.542000 
9 T 1549415154.559000 xs 1 2 23 534E0A3132372F3630300A3231363939340A3139360A23 R xs 1 2 0 R R R R xs 1 0 171 
5 T 1549415154.574000 xs 1 2 0 R R R 
5 T 1549415154.590000 xs 1 2 0 R R R 
5 T 1549415154.606000 xs 1 2 0 R R R 
5 T 1549415154.623000 xs 1 2 0 R R R 
5 T 1549415154.639000 xs 1 2 0 R R R 
5 T 1549415154.655000 xs 1 2 0 R R R 
5 T 1549415154.670000 xs 1 2 0 R R R 
5 T 1549415154.687000 xs 1 2 0 R R R 
5 T 1549415154.702000 xs 1 2 0 R R R 
5 T 1549415154.719000 xs 1 2 0 R R R 
5 T 1549415154.734000 xs 1 2 0 R R R 
5 T 1549415154.750000 xs 1 2 0 R R R 
5 T 1549415154.766000 xs 1 2 0 R R R 
5 T 1549415154.782000 xs 1 2 0 R R R 
5 T 1549415154.798000 xs 1 2 0 R R R 
5 T 1549415154.814000 xs 1 2 0 R R R 
5 T 1549415154.830000 xs 1 2 0 R R R 
5 T 1549415154.847000 xs 1 2 0 R R R 
5 T 1549415154.862000 xs 1 2 0 R R R 
5 T 1549415154.878000 xs 1 2 0 R R R 
5 T 1549415154.895000 xs 1 2 0 R R R 
5 T 1549415154.910000 xs 1 2 0 R R R 
5 T 1549415154.927000 xs 1 2 0 R R R 
5 T 1549415154.942000 xs 1 2 0 R R R 
5 T 1549415154.959000 xs 1 2 0 R R R 
5 T 1549415154.975000 xs 1 2 0 R R R 
5 T 1549415154.990000 xs 1 2 0 R R R 
5 T 1549415155.006000 xs 1 2 0 R R R 
5 T 1549415155.023000 xs 1 2 0 R R R 
5 T 1549415155.038000 xs 1 2 0 R R R 
5 T 1549415155.055000 xs 1 2 0 R R R 
5 T 1549415155.070000 xs 1 2 0 R R R 
5 T 1549415155.087000 xs 1 2 0 R R R 
5 T 1549415155.102000 xs 1 2 0 R R R 
5 T 1549415155.119000 xs 1 2 0 R R R 
5 T 1549415155.134000 xs 1 2 0 R R R 
5 T 1549415155.150000 xs 1 2 0 R R R 
5 T 1549415155.166000 xs 1 2 0 R R R 
5 T 1549415155.182000 xs 1 2 0 R R R 
5 T 1549415155.198000 xs 1 2 0 R R R 
7 T 1549415155.215000 R R xs 1 2 0 R R R 
5 T 1549415155.230000 xs 1 2 0 R R R 
5 T 1549415155.246000 xs 1 2 0 R R R 
5 T 1549415155.262000 xs 1 2 0 R R R 
5 T 1549415155.279000 xs 1 2 0 R R R 
5 T 1549415155.295000 xs 1 2 0 R R R 
5 T 1549415155.310000 xs 1 2 0 R R R 
5 T 1549415155.327000 xs 1 2 0 R R R 
5 T 1549415155.342000 xs 1 2 0 T 1549415155.343000 R R 
5 T 1549415155.358000 xs 1 2 0 R R R 
5 T 1549415155.374000 xs 1 2 0 R R R 
5 T 1549415155.391000 xs 1 2 0 R R R 
5 T 1549415155.407000 xs 1 2 0 R R R 
5 T 1549415155.423000 xs 1 2 0 R R R 
5 T 1549415155.438000 xs 1 2 0 R R R 
5 T 1549415155.454000 xs 1 2 0 R R R 
5 T 1549415155.471000 xs 1 2 0 R R R 
5 T 1549415155.487000 xs 1 2 0 R R R 
5 T 1549415155.502000 xs 1 2 0 R R R 
5 T 1549415155.518000 xs 1 2 0 R R R 
5 T 1549415155.535000 xs 1 2 0 R R R 
5 T 1549415155.551000 xs 1 2 0 R R R 
6 T 1549415155.566000 xs 1 2 0 R R R mm 652 300
5 T 1549415155.583000 xs 1 2 0 R R R 
5 T 1549415155.598000 xs 1 2 0 R R R 
5 T 1549415155.615000 xs 1 2 0 R R R 
5 T 1549415155.630000 xs 1 2 0 R R R 
7 T 1549415155.646000 xs 1 2 10 52454A45435445440A23 xs 1 3 -1 R R R T 1549415155.647000 
1 T 1549415155.662000 
2 T 1549415155.678000 mm 651 300
1 T 1549415155.696000 
2 T 1549415155.711000 mm 650 300
2 T 1549415155.727000 mm 650 299
1 T 1549415155.743000 
2 T 1549415155.759000 mm 650 298
2 T 1549415155.775000 mm 650 297
3 T 1549415155.791000 mm 651 296 mm 652 296
2 T 1549415155.807000 mm 654 295
1 T 1549415155.823000 
1 T 1549415155.839000 
1 T 1549415155.855000 
1 T 1549415155.871000 
1 T 1549415155.886000 
1 T 1549415155.903000 
1 T 1549415155.918000 
1 T 1549415155.935000 
1 T 1549415155.950000 
1 T 1549415155.967000 
1 T 1549415155.983000 
1 T 1549415156.000000 
1 T 1549415156.015000 
1 T 1549415156.031000 
1 T 1549415156.047000 
1 T 1549415156.063000 
1 T 1549415156.079000 
1 T 1549415156.095000 
1 T 1549415156.110000 
1 T 1549415156.127000 
1 T 1549415156.143000 
1 T 1549415156.159000 
2 T 1549415156.175000 mm 655 295
1 T 1549415156.191000 
1 T 1549415156.206000 
1 T 1549415156.224000 
1 T 1549415156.239000 
1 T 1549415156.256000 
1 T 1549415156.271000 
2 T 1549415156.287000 mm 655 296
1 T 1549415156.303000 
1 T 1549415156.318000 
1 T 1549415156.335000 
1 T 1549415156.351000 
1 T 1549415156.367000 
1 T 1549415156.383000 
2 T 1549415156.399000 mm 654 298
2 T 1549415156.415000 mm 653 298
2 T 1549415156.431000 mm 652 300
2 T 1549415156.446000 mm 651 301
2 T 1549415156.464000 mm 649 302
2 T 1549415156.478000 mm 647 303
2 T 1549415156.496000 mm 645 303
3 T 1549415156.511000 mm 644 304 mm 642 304
2 T 1549415156.527000 mm 638 306
2 T 1549415156.543000 mm 635 307
2 T 1549415156.560000 mm 633 308
2 T 1549415156.575000 mm 632 308
2 T 1549415156.592000 mm 629 308
2 T 1549415156.607000 mm 626 309
2 T 1549415156.623000 mm 620 309
2 T 1549415156.639000 mm 614 311
3 T 1549415156.654000 mm 613 311 mm 612 311
2 T 1549415156.671000 mm 610 311
2 T 1549415156.687000 mm 609 311
1 T 1549415156.702000 
1 T 1549415156.719000 
1 T 1549415156.734000 
1 T 1549415156.751000 
0  
0  
0  
3 T 1549415156.815000 R mm 608 311
1  mm 606 311
1  mm 602 311
2  mm 600 311 mm 595 311
1  mm 591 311
1  mm 586 310
1  mm 581 308
1  mm 578 307
1  mm 576 307
1  mm 571 304
1  mm 565 302
1  mm 561 300
1  mm 555 298
1  mm 548 294
1  mm 543 291
2  mm 541 291 mm 538 289
1  mm 536 288
1  mm 533 286
1  mm 529 283
1  mm 529 282
0  
1  mm 528 281
0  
0  
0  
0  
0  
0  
0  
0  
0  
0  
0  
0  
0  
0  
0  
0  
0  
0  
0  
0  
0  
0  
0  
1  mm 529 282
0  
1  mm 531 282
0  
0  
0  
0  
0  
0  
0  
0  
0  
0  
0  
0  
1  mm 533 282
1  mm 536 283
1  mm 537 284
1  mm 539 284
0  
0  
0  
0  
0  
0  
0  
0  
0  
0  
0  
0  
0  
0  
0  
0  
0  
0  
0  
0  
0  
0  
0  
0  
0  
0  
0  
0  
0  
0  
0  
0  
0  
0  
0  
0  
2 T 1549415158.414000 R 
0  
0  
0  
0  
0  
0  
0  
0  
0  
0  
0  
0  
0  
0  
0  
0  
0  
0  
0  
0  
0  
0  
0  
0  
0  
0  
0  
0  
0  
0  
0  
0  
0  
0  
0  
0  
0  
0  
0  
0  
0  
0  
0  
0  
0  
0  
0  
0  
0  
0  
0  
0  
0  
0  
1  mm 543 285
1  mm 548 287
1  mm 555 287
1  mm 564 287
1  mm 573 287
2  mm 577 287 mm 582 286
2  mm 588 285 mm 592 283
1  mm 606 279
1  mm 615 276
1  mm 622 274
1  mm 629 270
1  mm 637 266
1  mm 649 259
0  
1  mm 665 247
1  mm 684 230
1  mm 700 214
1  mm 710 201
1  mm 716 191
2  mm 718 187 mm 721 178
1  mm 725 168
1  mm 728 159
1  mm 730 151
1  mm 733 145
1  mm 734 137
1  mm 737 132
1  mm 741 125
1  mm 746 117
1  mm 750 110
1  mm 754 104
1  mm 758 98
1  mm 764 90
1  mm 768 83
1  mm 772 77
1  mm 776 70
1  mm 780 64
0  
1  mm 783 57
1  mm 785 53
1  mm 788 47
1  mm 793 42
1  mm 797 38
0  
0  
0  
2 T 1549415160.015000 R 
0  
0  
0  
0  
0  
0  
0  
0  
0  
0  
0  
0  
0  
0  
0  
0  
0  
0  
0  
0  
0  
0  
0  
0  
0  
0  
0  
0  
0  
0  
0  
0  
0  
0  
0  
0  
0  
0  
0  
0  
0  
0  
0  
0  
0  
0  
0  
0  
0  
0  
0  
0  
0  
0  
0  
0  
0  
0  
0  
0  
0  
0  
0  
0  
0  
0  
0  
0  
0  
0  
0  
0  
1  mm 766 35
1  mm 740 78
1  mm 702 126
1  mm 646 187
1  mm 580 259
1  mm 516 322
1  mm 460 376
1  mm 405 427
1  mm 357 469
1  mm 314 498
1  mm 302 504
1  mm 293 506
1  mm 284 509
1  mm 275 514
1  mm 259 519
1  mm 243 523
0  
1  mm 221 525
1  mm 203 527
1  mm 192 527
1  mm 185 525
1  mm 182 521
1  mm 181 516
2  mm 181 514 mm 181 508
1  mm 181 503
1  mm 181 498
1  mm 181 496
3 T 1549415161.614000 R mm 180 495
1  mm 178 493
1  mm 176 491
1  mm 175 489
1  mm 174 485
1  mm 173 483
1  mm 171 482
2  mm 171 480 mm 170 479
1  mm 167 475
1  mm 166 474
0  
1  mb 1 1 166 474
0  
0  
0  
0  
0  
0  
0  
1  mb 1 0 166 474
