1549516163 seed, 60 fps, 800x600, fullScreen=1, version197_mouseSpeed1.000000_musicOff0_musicLoudness1.000000_webRetrySeconds16 58FFC586C8FE431EE91D6C2A662A93F9CF262F2E
2 T 1549516164.361000 mm 400 300
1 T 1549516164.897000 
0  
0  
0  
0  
0  
0  
0  
0  
0  
0  
0  
0  
0  
0  
0  
0  
0  
0  
0  
0  
0  
0  
0  
0  
0  
0  
0  
0  
0  
0  
0  
0  
0  
0  
0  
0  
0  
0  
0  
0  
0  
0  
0  
0  
0  
0  
0  
0  
0  
0  
0  
0  
0  
0  
0  
0  
0  
0  
0  
0  
0  
0  
0  
0  
0  
0  
0  
0  
0  
0  
0  
0  
0  
0  
0  
0  
0  
0  
0  
0  
0  
0  
0  
0  
0  
0  
0  
0  
0  
0  
0  
0  
0  
0  
0  
0  
0  
2 T 1549516166.867000 R 
0  
0  
0  
0  
0  
0  
0  
0  
0  
0  
0  
0  
0  
0  
0  
0  
2 T 1549516167.741000 T 1549516167.742000 
1 T 1549516167.759000 
1 T 1549516167.774000 
1 T 1549516167.790000 
1 T 1549516167.806000 
1 T 1549516167.822000 
1 T 1549516167.838000 
1 T 1549516167.854000 
1 T 1549516167.870000 
1 T 1549516167.886000 
1 T 1549516167.902000 
1 T 1549516167.918000 
1 T 1549516167.934000 
1 T 1549516167.950000 
1 T 1549516167.965000 
1 T 1549516167.981000 
1 T 1549516167.998000 
1 T 1549516168.013000 
1 T 1549516168.030000 
1 T 1549516168.047000 
1 T 1549516168.062000 
1 T 1549516168.078000 
1 T 1549516168.094000 
1 T 1549516168.110000 
1 T 1549516168.126000 
1 T 1549516168.142000 
1 T 1549516168.157000 
1 T 1549516168.174000 
1 T 1549516168.190000 
1 T 1549516168.205000 
1 T 1549516168.222000 
1 T 1549516168.237000 
1 T 1549516168.254000 
1 T 1549516168.269000 
1 T 1549516168.285000 
1 T 1549516168.301000 
1 T 1549516168.318000 
1 T 1549516168.334000 
1 T 1549516168.350000 
1 T 1549516168.366000 
1 T 1549516168.382000 
1 T 1549516168.398000 
1 T 1549516168.413000 
1 T 1549516168.430000 
1 T 1549516168.445000 
1 T 1549516168.462000 
1 T 1549516168.478000 
1 T 1549516168.494000 
1 T 1549516168.510000 
1 T 1549516168.525000 
1 T 1549516168.542000 
1 T 1549516168.557000 
1 T 1549516168.574000 
1 T 1549516168.589000 
1 T 1549516168.606000 
1 T 1549516168.622000 
1 T 1549516168.638000 
1 T 1549516168.654000 
1 T 1549516168.670000 
1 T 1549516168.686000 
1 T 1549516168.702000 
1 T 1549516168.718000 
1 T 1549516168.733000 
1 T 1549516168.749000 
1 T 1549516168.766000 
1 T 1549516168.782000 
1 T 1549516168.798000 
1 T 1549516168.815000 
1 T 1549516168.831000 
1 T 1549516168.846000 
0  
0  
0  
0  
0  
0  
0  
2  mm 448 450 mm 440 453
2  mm 434 456 mm 432 457
2  mm 431 457 mm 430 457
1  mm 430 459
2  mm 431 460 mm 433 461
1  mm 435 461
4 T 1549516169.071000 R mm 437 462 mm 438 462
2  mm 438 464 mm 438 467
2  mm 437 469 mm 429 472
2  mm 419 474 mm 407 478
2  mm 393 480 mm 382 482
2  mm 371 483 mm 358 484
2  mm 349 485 mm 342 485
2  mm 335 485 mm 328 485
2  mm 325 485 mm 317 485
2  mm 307 482 mm 298 481
2  mm 287 479 mm 277 477
2  mm 267 475 mm 260 473
2  mm 254 469 mm 249 467
2  mm 246 464 mm 242 460
2  mm 240 459 mm 238 456
2  mm 235 454 mm 234 452
2  mm 232 449 mm 229 446
2  mm 227 444 mm 226 441
2  mm 225 437 mm 224 435
2  mm 221 430 mm 220 427
1  mm 218 425
2  mm 216 422 mm 216 421
2  mm 215 420 mm 215 419
2  mm 214 418 mm 212 416
2  mm 211 415 mm 209 415
1  mm 207 414
0  
0  
0  
0  
1  mm 206 413
1  mm 205 413
0  
0  
0  
1  mm 204 412
2  mm 204 411 mm 203 411
1  mm 200 409
2  mm 198 409 mm 198 408
2  mm 195 407 mm 194 405
2  mm 192 404 mm 191 403
2  mm 189 402 mm 187 400
2  mm 184 397 mm 183 396
2  mm 181 395 mm 180 394
2  mm 178 393 mm 177 392
2  mm 176 392 mm 175 391
0  
0  
0  
0  
1  mm 174 390
0  
0  
0  
0  
0  
0  
0  
0  
0  
0  
0  
0  
0  
0  
0  
0  
0  
0  
0  
0  
0  
0  
0  
0  
0  
0  
0  
0  
0  
0  
0  
0  
0  
0  
0  
0  
0  
0  
0  
0  
0  
0  
0  
1  mb 1 1 174 390
0  
0  
0  
0  
0  
2 T 1549516170.670000 R 
0  
0  
2 F 62.539088 mb 1 0 174 390
1 F 62.539088 
1 F 62.539088 
3 af 0 af 1 F 62.539088 
1 F 62.539088 
1 F 62.539088 
1 F 62.539088 
1 F 62.539088 
1 F 62.539088 
1 F 62.539088 
3 F 62.539088 mm 174 391 mm 174 394
3 F 62.539088 mm 174 397 mm 174 398
3 F 62.539088 mm 174 401 mm 174 403
3 F 62.539088 mm 174 405 mm 174 406
3 F 62.539088 mm 174 408 mm 174 410
3 F 62.539088 mm 174 412 mm 175 412
3 F 62.539088 mm 176 415 mm 176 416
3 F 62.539088 mm 176 417 mm 176 420
3 F 62.539088 mm 178 424 mm 178 427
3 F 62.539088 mm 180 431 mm 181 435
3 F 62.539088 mm 182 440 mm 184 443
3 F 62.539088 mm 184 446 mm 187 450
3 F 62.539088 mm 187 452 mm 188 454
3 F 62.539088 mm 188 455 mm 190 459
3 F 62.539088 mm 190 460 mm 190 463
3 F 62.539088 mm 191 465 mm 191 468
3 F 62.539088 mm 191 471 mm 192 474
3 F 62.539088 mm 192 477 mm 192 481
3 F 62.539088 mm 192 484 mm 192 486
3 F 62.539088 mm 192 490 mm 192 493
2 F 62.539088 mm 192 494
2 F 62.539088 mm 192 496
1 F 62.539088 
2 F 62.539088 mm 192 497
2 F 62.539088 mm 193 497
1 F 62.539088 
1 F 62.539088 
1 F 62.539088 
1 F 62.539088 
1 F 62.539088 
1 F 62.539088 
1 F 62.539088 
1 F 62.539088 
1 F 62.539088 
1 F 62.539088 
1 F 62.539088 
1 F 62.539088 
1 F 62.539088 
1 F 62.539088 
1 F 62.539088 
1 F 62.539088 
1 F 62.539088 
2 F 62.539088 mm 193 499
2 F 62.539088 mm 192 500
2 F 62.539088 mm 192 501
1 F 62.539088 
2 F 62.539088 mm 191 501
3 F 62.539088 mm 189 501 mm 187 499
3 F 62.539088 mm 187 496 mm 186 493
3 F 62.539088 mm 186 491 mm 185 489
3 F 62.539088 mm 185 488 mm 185 486
3 F 62.539088 mm 185 484 mm 185 482
1 F 62.539088 
3 F 62.539088 mm 185 481 mm 185 480
1 F 62.539088 
1 F 62.539088 
1 F 62.539088 
1 F 62.539088 
1 F 62.539088 
1 F 62.539088 
1 F 62.539088 
1 F 62.539088 
1 F 62.539088 
1 F 62.539088 
1 F 62.539088 
1 F 62.539088 
1 F 62.539088 
1 F 62.539088 
1 F 62.539088 
1 F 62.539088 
1 F 62.539088 
1 F 62.539088 
1 F 62.539088 
1 F 62.539088 
1 F 62.539088 
1 F 62.539088 
1 F 62.539088 
1 F 62.539088 
1 F 62.539088 
1 F 62.539088 
1 F 62.539088 
1 F 62.539088 
1 F 62.539088 
1 F 62.539088 
1 F 62.539088 
1 F 62.539088 
1 F 62.539088 
3 T 1549516172.286000 R F 61.881191 
1 F 61.881191 
1 F 61.881191 
1 F 61.881191 
1 F 61.881191 
1 F 61.881191 
1 F 61.881191 
2 F 61.881191 mm 185 481
3 F 61.881191 mm 184 483 mm 180 483
3 F 61.881191 mm 175 484 mm 171 486
3 F 61.881191 mm 166 488 mm 159 489
3 F 61.881191 mm 153 492 mm 148 493
3 F 61.881191 mm 141 496 mm 134 498
3 F 61.881191 mm 129 499 mm 124 501
3 F 61.881191 mm 120 502 mm 116 503
3 F 61.881191 mm 112 503 mm 108 503
3 F 61.881191 mm 106 505 mm 103 505
3 F 61.881191 mm 101 505 mm 98 505
2 F 61.881191 mm 97 505
2 F 61.881191 mm 95 505
1 F 61.881191 
2 F 61.881191 mm 94 505
2 F 61.881191 mm 92 505
1 F 61.881191 
3 F 61.881191 mm 88 503 mm 87 502
3 F 61.881191 mm 85 501 mm 83 501
3 F 61.881191 mm 82 499 mm 80 498
2 F 61.881191 mm 79 497
3 F 61.881191 mm 77 495 mm 75 494
3 F 61.881191 mm 75 493 mm 73 492
2 F 61.881191 mm 73 491
1 F 61.881191 
1 F 61.881191 
1 F 61.881191 
2 F 61.881191 mb 1 1 73 491
1 F 61.881191 
1 F 61.881191 
1 F 61.881191 
1 F 61.881191 
1 F 61.881191 
1 F 61.881191 
1 F 61.881191 
1 F 61.881191 
1 F 61.881191 
3 T 1549516172.989000 T 1549516172.990000 mb 1 0 73 491
1 T 1549516173.006000 
1 T 1549516173.022000 
1 T 1549516173.038000 
1 T 1549516173.054000 
1 T 1549516173.070000 
1 T 1549516173.086000 
1 T 1549516173.103000 
1 T 1549516173.118000 
1 T 1549516173.134000 
3 T 1549516173.150000 mm 73 492 mm 74 492
3 T 1549516173.166000 mm 75 493 mm 76 494
2 T 1549516173.182000 mm 78 496
3 T 1549516173.197000 mm 80 496 mm 83 499
3 T 1549516173.213000 mm 87 500 mm 92 501
3 T 1549516173.230000 mm 96 503 mm 100 504
3 T 1549516173.246000 mm 102 504 mm 105 505
3 T 1549516173.262000 mm 110 506 mm 112 506
3 T 1549516173.277000 mm 114 506 mm 118 506
3 T 1549516173.294000 mm 121 506 mm 123 507
3 T 1549516173.310000 mm 124 507 mm 126 507
2 T 1549516173.326000 mm 127 507
2 T 1549516173.342000 mm 129 507
2 T 1549516173.358000 mm 130 507
3 T 1549516173.374000 mm 132 507 mm 133 507
3 T 1549516173.390000 mm 135 507 mm 136 507
2 T 1549516173.406000 mm 138 507
2 T 1549516173.422000 mm 140 507
2 T 1549516173.438000 mm 142 507
2 T 1549516173.454000 mm 143 507
1 T 1549516173.469000 
1 T 1549516173.485000 
2 T 1549516173.502000 mm 144 506
1 T 1549516173.518000 
1 T 1549516173.534000 
1 T 1549516173.550000 
1 T 1549516173.566000 
2 T 1549516173.581000 mm 145 505
2 T 1549516173.598000 mm 146 504
1 T 1549516173.614000 
1 T 1549516173.630000 
1 T 1549516173.646000 
1 T 1549516173.662000 
1 T 1549516173.678000 
1 T 1549516173.694000 
1 T 1549516173.710000 
1 T 1549516173.726000 
1 T 1549516173.741000 
1 T 1549516173.758000 
1 T 1549516173.774000 
1 T 1549516173.789000 
1 T 1549516173.806000 
1 T 1549516173.822000 
1 T 1549516173.838000 
2 T 1549516173.854000 mm 147 503
2 T 1549516173.870000 mm 148 503
4 T 1549516173.886000 R R mm 149 502
2 T 1549516173.902000 mm 150 501
3 T 1549516173.918000 mm 150 500 mm 152 500
2 T 1549516173.934000 mm 152 499
3 T 1549516173.949000 mm 153 499 mm 153 498
2 T 1549516173.966000 mm 153 497
2 T 1549516173.981000 mm 153 496
2 T 1549516173.997000 mm 154 495
2 T 1549516174.014000 mm 154 494
2 T 1549516174.029000 mm 155 492
1 T 1549516174.046000 
1 T 1549516174.061000 
1 T 1549516174.078000 
1 T 1549516174.094000 
0  
0  
0  
0  
0  
0  
0  
0  
0  
0  
0  
0  
0  
0  
0  
0  
0  
0  
0  
0  
0  
0  
0  
0  
0  
0  
0  
0  
0  
0  
0  
0  
0  
0  
0  
0  
0  
0  
0  
2  mm 156 492 mm 158 492
2  mm 160 492 mm 162 492
2  mm 164 492 mm 165 492
2  mm 167 492 mm 170 492
2  mm 172 492 mm 175 492
2  mm 181 492 mm 186 492
2  mm 192 492 mm 196 492
2  mm 204 492 mm 209 492
2  mm 213 492 mm 217 492
2  mm 224 492 mm 230 492
2  mm 234 492 mm 236 492
2  mm 237 492 mm 238 492
1  mm 239 492
0  
0  
0  
0  
0  
0  
1  mm 235 492
2  mm 229 493 mm 224 494
2  mm 219 495 mm 214 495
2  mm 205 495 mm 198 495
2  mm 192 495 mm 187 495
2  mm 180 495 mm 174 495
2  mm 168 495 mm 164 495
2  mm 162 495 mm 158 495
2  mm 154 495 mm 153 494
2  mm 151 493 mm 149 493
2  mm 147 492 mm 145 490
2  mm 144 490 mm 143 489
2  mm 142 489 mm 141 488
2  mm 140 488 mm 138 487
2  mm 138 486 mm 137 486
1  mm 136 486
1  mm 135 486
1  mm 134 485
0  
0  
1  mm 133 484
1  mm 133 483
0  
0  
1  mb 1 1 133 483
0  
0  
0  
2 T 1549516175.485000 R 
0  
0  
0  
0  
1  mb 1 0 133 483
