1549510748 seed, 60 fps, 800x600, fullScreen=1, version196_mouseSpeed1.000000_musicOff0_musicLoudness1.000000_webRetrySeconds16 144C3932FC316698F11A41D51551DFBF8417D086
2 T 1549510749.418000 mm 400 300
1 T 1549510750.032000 
0  
0  
0  
0  
0  
0  
0  
0  
0  
0  
0  
0  
0  
0  
0  
0  
0  
0  
0  
0  
0  
0  
0  
0  
0  
0  
0  
0  
0  
0  
0  
0  
0  
0  
0  
0  
0  
0  
0  
0  
0  
0  
0  
0  
0  
0  
0  
0  
0  
0  
0  
0  
0  
0  
0  
0  
0  
0  
0  
0  
0  
0  
0  
0  
0  
0  
0  
0  
0  
0  
0  
0  
0  
0  
0  
0  
0  
0  
0  
0  
0  
0  
0  
0  
0  
0  
0  
0  
0  
0  
0  
0  
0  
0  
0  
0  
0  
2 T 1549510752.773000 R 
0  
0  
0  
0  
0  
0  
0  
0  
0  
0  
0  
0  
0  
0  
0  
2 T 1549510756.084000 T 1549510756.085000 
1 T 1549510756.100000 
1 T 1549510756.117000 
1 T 1549510756.132000 
1 T 1549510756.149000 
1 T 1549510756.165000 
1 T 1549510756.180000 
1 T 1549510756.197000 
1 T 1549510756.213000 
1 T 1549510756.228000 
1 T 1549510756.245000 
1 T 1549510756.261000 
1 T 1549510756.277000 
1 T 1549510756.293000 
1 T 1549510756.309000 
1 T 1549510756.325000 
1 T 1549510756.340000 
1 T 1549510756.356000 
1 T 1549510756.373000 
1 T 1549510756.388000 
1 T 1549510756.405000 
1 T 1549510756.420000 
1 T 1549510756.436000 
1 T 1549510756.453000 
1 T 1549510756.470000 
1 T 1549510756.485000 
1 T 1549510756.500000 
1 T 1549510756.517000 
1 T 1549510756.533000 
1 T 1549510756.548000 
1 T 1549510756.565000 
1 T 1549510756.581000 
1 T 1549510756.596000 
1 T 1549510756.613000 
1 T 1549510756.629000 
1 T 1549510756.644000 
1 T 1549510756.661000 
1 T 1549510756.677000 
1 T 1549510756.693000 
1 T 1549510756.708000 
1 T 1549510756.725000 
1 T 1549510756.740000 
1 T 1549510756.757000 
1 T 1549510756.773000 
1 T 1549510756.789000 
1 T 1549510756.804000 
1 T 1549510756.821000 
1 T 1549510756.838000 
1 T 1549510756.853000 
1 T 1549510756.869000 
1 T 1549510756.884000 
1 T 1549510756.901000 
1 T 1549510756.916000 
1 T 1549510756.933000 
1 T 1549510756.949000 
1 T 1549510756.965000 
1 T 1549510756.980000 
1 T 1549510756.998000 
1 T 1549510757.012000 
1 T 1549510757.029000 
1 T 1549510757.044000 
1 T 1549510757.061000 
1 T 1549510757.076000 
1 T 1549510757.093000 
1 T 1549510757.109000 
1 T 1549510757.125000 
1 T 1549510757.140000 
1 T 1549510757.157000 
1 T 1549510757.173000 
1 T 1549510757.189000 
0  
0  
0  
0  
0  
0  
0  
0  
0  
0  
0  
0  
0  
0  
2 T 1549510757.428000 R 
0  
0  
0  
0  
0  
0  
0  
0  
0  
0  
0  
0  
0  
0  
0  
0  
0  
0  
0  
0  
0  
0  
0  
0  
0  
0  
0  
0  
0  
0  
0  
0  
0  
0  
0  
0  
0  
0  
0  
0  
0  
0  
0  
0  
0  
0  
0  
0  
0  
0  
0  
0  
0  
0  
0  
0  
0  
0  
0  
0  
1  mb 1 1 400 300
0  
0  
0  
0  
0  
0  
0  
0  
1  mb 1 0 400 300
0  
0  
0  
0  
0  
0  
0  
0  
0  
0  
0  
0  
0  
0  
0  
0  
0  
0  
0  
0  
0  
0  
0  
0  
0  
0  
0  
0  
0  
2 T 1549510759.029000 R 
0  
0  
0  
0  
0  
1  mm 541 522
2  mm 531 526 mm 516 529
2  mm 506 531 mm 496 532
2  mm 483 534 mm 471 534
2  mm 459 536 mm 445 536
2  mm 434 536 mm 423 536
2  mm 413 536 mm 405 536
2  mm 395 536 mm 385 532
2  mm 375 529 mm 365 526
2  mm 357 525 mm 347 524
2  mm 339 524 mm 331 524
2  mm 327 524 mm 323 524
2  mm 320 524 mm 317 524
2  mm 316 524 mm 315 524
2  mm 314 524 mm 313 524
0  
0  
0  
0  
0  
0  
0  
0  
0  
0  
0  
0  
0  
0  
0  
0  
0  
0  
0  
0  
0  
0  
0  
0  
0  
0  
0  
0  
0  
0  
0  
0  
0  
0  
0  
0  
0  
0  
0  
0  
0  
0  
0  
0  
0  
0  
0  
0  
0  
0  
0  
0  
0  
0  
0  
0  
0  
0  
0  
0  
0  
0  
1  mm 312 522
2  mm 308 522 mm 301 521
2  mm 293 517 mm 289 517
2  mm 286 517 mm 278 516
2  mm 271 515 mm 262 514
2  mm 253 510 mm 245 507
2  mm 237 505 mm 230 503
2  mm 225 501 mm 221 500
2  mm 216 499 mm 211 497
2  mm 206 495 mm 202 492
2  mm 197 490 mm 195 489
2  mm 194 487 mm 193 487
0  
0  
0  
0  
0  
2 T 1549510760.628000 T 1549510760.629000 
1  mm 192 486
2  mm 190 485 mm 189 484
2  mm 187 484 mm 183 481
2  mm 179 480 mm 172 479
2  mm 165 479 mm 158 478
2  mm 151 478 mm 144 478
2  mm 139 478 mm 136 478
2  mm 133 478 mm 130 478
1  mm 129 478
0  
0  
0  
0  
0  
0  
0  
0  
0  
0  
0  
0  
0  
0  
0  
0  
0  
0  
0  
0  
0  
0  
0  
0  
0  
0  
0  
0  
0  
0  
0  
0  
0  
0  
0  
0  
0  
0  
0  
0  
0  
0  
0  
0  
0  
0  
0  
0  
0  
0  
0  
0  
0  
0  
0  
0  
0  
0  
0  
0  
0  
0  
0  
0  
0  
0  
0  
0  
0  
0  
0  
0  
0  
1  mm 132 478
2  mm 133 479 mm 135 481
2  mm 136 481 mm 137 481
1  mm 138 483
0  
0  
0  
0  
0  
0  
0  
0  
0  
0  
0  
0  
0  
2 T 1549510762.229000 R 
0  
0  
0  
0  
0  
0  
0  
0  
0  
0  
0  
0  
0  
0  
0  
0  
0  
0  
0  
0  
0  
0  
0  
0  
0  
0  
0  
0  
0  
0  
0  
0  
0  
0  
0  
0  
0  
0  
0  
0  
0  
0  
0  
0  
0  
0  
0  
0  
0  
0  
0  
0  
0  
0  
0  
0  
0  
0  
0  
0  
0  
0  
0  
0  
0  
0  
0  
0  
0  
0  
0  
0  
0  
0  
0  
0  
0  
0  
0  
0  
0  
0  
1  mb 1 1 138 483
0  
0  
0  
0  
0  
0  
0  
0  
1  mb 1 0 138 483
