1549511160 seed, 60 fps, 800x600, fullScreen=1, version196_mouseSpeed1.000000_musicOff0_musicLoudness1.000000_webRetrySeconds16 144C3932FC316698F11A41D51551DFBF8417D086
2 T 1549511161.532000 mm 400 300
1 T 1549511162.108000 
0  
0  
0  
0  
0  
0  
0  
0  
0  
0  
0  
0  
0  
0  
0  
0  
0  
0  
0  
0  
0  
0  
0  
0  
0  
0  
0  
0  
0  
0  
0  
0  
0  
0  
0  
0  
0  
0  
0  
0  
0  
0  
0  
0  
0  
0  
0  
0  
0  
0  
2  mm 521 332 mm 521 348
2  mm 521 363 mm 521 369
2  mm 520 376 mm 517 380
0  
0  
0  
0  
0  
0  
1  mm 517 379
2  mm 517 376 mm 517 373
1  mm 517 371
0  
0  
0  
0  
0  
0  
0  
0  
0  
0  
0  
0  
0  
0  
0  
0  
0  
2  mm 517 370 mm 517 369
2  mm 517 368 mm 517 366
1  mm 517 365
2  mm 516 363 mm 515 362
1  mm 514 361
2  mm 513 359 mm 511 358
1  mm 510 357
0  
0  
0  
0  
0  
0  
0  
0  
0  
0  
0  
2 T 1549511163.958000 R 
0  
0  
0  
0  
0  
0  
0  
0  
0  
0  
0  
0  
0  
0  
0  
2 T 1549511165.634000 T 1549511165.635000 
1 T 1549511165.651000 
1 T 1549511165.666000 
1 T 1549511165.683000 
2 T 1549511165.698000 mm 510 356
1 T 1549511165.715000 
1 T 1549511165.731000 
1 T 1549511165.746000 
1 T 1549511165.763000 
1 T 1549511165.779000 
1 T 1549511165.795000 
1 T 1549511165.812000 
1 T 1549511165.826000 
1 T 1549511165.842000 
1 T 1549511165.860000 
1 T 1549511165.874000 
1 T 1549511165.891000 
1 T 1549511165.906000 
1 T 1549511165.923000 
1 T 1549511165.939000 
1 T 1549511165.955000 
2 T 1549511165.971000 mm 510 354
1 T 1549511165.988000 
2 T 1549511166.003000 mm 510 353
2 T 1549511166.018000 mm 510 352
2 T 1549511166.035000 mm 510 351
3 T 1549511166.051000 mm 510 349 mm 510 346
3 T 1549511166.066000 mm 510 343 mm 509 340
3 T 1549511166.083000 mm 508 337 mm 507 329
3 T 1549511166.098000 mm 506 324 mm 504 318
3 T 1549511166.114000 mm 503 313 mm 502 308
3 T 1549511166.131000 mm 502 301 mm 502 297
3 T 1549511166.146000 mm 502 295 mm 502 293
3 T 1549511166.163000 mm 502 291 mm 502 288
3 T 1549511166.179000 mm 502 285 mm 502 282
3 T 1549511166.195000 mm 502 279 mm 502 277
3 T 1549511166.211000 mm 502 274 mm 502 273
3 T 1549511166.227000 mm 502 271 mm 502 270
3 T 1549511166.243000 mm 502 268 mm 502 267
3 T 1549511166.258000 mm 502 264 mm 502 262
3 T 1549511166.274000 mm 502 259 mm 502 257
3 T 1549511166.291000 mm 503 254 mm 505 250
3 T 1549511166.306000 mm 505 247 mm 507 244
3 T 1549511166.323000 mm 508 242 mm 508 240
2 T 1549511166.339000 mm 508 238
2 T 1549511166.355000 mm 508 237
2 T 1549511166.371000 mm 508 236
2 T 1549511166.387000 mm 508 235
1 T 1549511166.403000 
1 T 1549511166.419000 
1 T 1549511166.434000 
1 T 1549511166.451000 
1 T 1549511166.467000 
1 T 1549511166.483000 
1 T 1549511166.499000 
1 T 1549511166.515000 
2 T 1549511166.531000 mm 508 234
1 T 1549511166.547000 
3 T 1549511166.563000 mm 508 233 mm 507 233
1 T 1549511166.579000 
1 T 1549511166.595000 
2 T 1549511166.610000 mm 506 232
1 T 1549511166.628000 
1 T 1549511166.642000 
1 T 1549511166.659000 
1 T 1549511166.675000 
1 T 1549511166.691000 
2 T 1549511166.707000 mm 506 231
2 T 1549511166.723000 mm 505 230
1 T 1549511166.739000 
0  
2  mm 504 230 mm 504 228
0  
1  mm 503 227
2  mm 502 227 mm 502 225
0  
1  mm 501 224
1  mm 500 223
1  mm 499 222
0  
0  
0  
0  
0  
2 T 1549511166.978000 R 
0  
0  
0  
0  
0  
1  mb 1 1 499 222
0  
0  
0  
0  
0  
0  
0  
0  
2  md 496 218 md 492 218
2  md 485 217 md 478 216
2  md 474 216 md 472 216
2  md 469 216 md 468 216
2  md 467 216 md 466 216
0  
0  
0  
0  
0  
0  
0  
0  
0  
0  
0  
1  mb 1 0 466 216
0  
0  
0  
0  
0  
1  mm 467 216
2  mm 470 216 mm 473 216
2  mm 476 216 mm 479 216
2  mm 482 216 mm 484 216
1  mm 486 216
1  mm 487 216
0  
0  
0  
0  
0  
0  
0  
0  
0  
0  
0  
0  
0  
0  
0  
0  
0  
0  
0  
0  
0  
1  kd 8 487 216
0  
0  
0  
0  
0  
0  
0  
0  
0  
0  
0  
0  
0  
0  
0  
0  
0  
0  
0  
0  
0  
0  
0  
0  
0  
0  
0  
1  mm 490 216
2  mm 491 219 mm 492 222
2  mm 494 226 mm 495 229
2  mm 496 230 mm 497 234
2  mm 497 237 mm 498 237
2  mm 499 239 mm 499 241
2  mm 500 243 mm 500 244
2  mm 501 246 mm 501 248
4 T 1549511168.578000 R mm 501 250 mm 501 252
2  mm 501 254 mm 501 255
2  mm 501 258 mm 502 261
2  mm 502 262 mm 502 265
2  mm 504 269 mm 504 270
2  mm 506 274 mm 507 276
1  mm 508 278
1  mm 510 281
1  mm 510 283
2  mm 511 284 mm 512 285
2  mm 514 287 mm 514 288
2  mm 517 289 mm 517 290
2  mm 519 291 mm 521 292
0  
0  
0  
0  
0  
0  
0  
0  
0  
0  
0  
0  
0  
0  
0  
0  
0  
0  
0  
0  
0  
0  
0  
0  
0  
0  
0  
0  
0  
0  
0  
0  
0  
0  
0  
0  
0  
0  
0  
0  
0  
0  
0  
0  
0  
0  
1  ku 8 521 292
0  
0  
0  
0  
0  
0  
0  
0  
0  
0  
0  
0  
0  
0  
0  
0  
0  
0  
1  kd 8 521 292
0  
0  
0  
1  mm 516 292
2  mm 509 292 mm 504 292
2  mm 495 292 mm 489 292
2  mm 481 292 mm 474 290
3  mm 468 289 mm 464 286 ku 8 464 286
2  mm 458 284 mm 455 282
2  mm 453 280 mm 451 278
2  mm 450 276 mm 448 273
2  mm 447 271 mm 445 265
2  mm 443 263 mm 441 260
2  mm 439 257 mm 436 254
2  mm 434 252 mm 430 249
2  mm 428 248 mm 426 245
2  mm 424 244 mm 419 241
2  mm 418 240 mm 415 238
2  mm 413 237 mm 412 235
2  mm 410 235 mm 407 233
0  
2 T 1549511170.178000 T 1549511170.179000 
0  
0  
0  
0  
2  mm 406 233 mm 404 231
2  mm 403 229 mm 401 228
2  mm 400 228 mm 400 227
0  
0  
1  mm 400 225
1  mm 399 223
0  
0  
1  mb 1 1 399 223
0  
0  
0  
0  
0  
1  mb 1 0 399 223
0  
0  
0  
0  
0  
0  
0  
0  
1  kd 8 399 223
0  
0  
0  
0  
0  
0  
1  ku 8 399 223
0  
0  
0  
0  
1  kd 8 399 223
0  
0  
0  
0  
1  ku 8 399 223
0  
0  
0  
0  
0  
0  
0  
0  
0  
0  
0  
0  
0  
0  
0  
0  
0  
0  
0  
0  
0  
0  
0  
0  
0  
0  
0  
0  
0  
0  
0  
0  
0  
0  
0  
0  
0  
0  
0  
0  
0  
0  
0  
0  
0  
0  
0  
0  
1  kd 49 399 223
0  
0  
0  
0  
2 T 1549511171.778000 R 
1  kd 50 399 223
0  
0  
0  
0  
0  
0  
0  
0  
0  
0  
0  
0  
0  
0  
0  
0  
1  kd 50 399 223
0  
0  
0  
0  
0  
0  
0  
0  
0  
0  
0  
0  
0  
0  
0  
0  
0  
0  
0  
0  
0  
0  
0  
0  
0  
0  
0  
0  
1  kd 52 399 223
0  
0  
0  
0  
0  
0  
0  
0  
0  
0  
0  
0  
0  
0  
0  
0  
0  
0  
0  
0  
0  
0  
0  
0  
0  
0  
0  
0  
0  
0  
0  
0  
0  
0  
0  
0  
0  
0  
0  
0  
0  
0  
0  
0  
0  
0  
0  
0  
0  
0  
0  
0  
2 T 1549511173.378000 R 
1  kd 8 399 223
0  
0  
0  
0  
0  
0  
0  
0  
0  
0  
0  
0  
0  
0  
0  
0  
0  
0  
0  
0  
0  
0  
0  
0  
0  
0  
0  
0  
0  
0  
0  
0  
0  
0  
0  
0  
0  
0  
0  
0  
0  
0  
0  
0  
0  
0  
0  
0  
0  
0  
0  
0  
0  
0  
0  
1  ku 8 399 223
0  
0  
0  
0  
0  
0  
0  
0  
0  
0  
1  mm 405 223
2  mm 425 223 mm 460 223
2  mm 497 223 mm 536 212
2  mm 562 200 mm 579 191
1  mm 582 189
0  
0  
2  mm 574 192 mm 565 204
1  mm 537 227
2  mm 521 240 mm 507 255
2  mm 499 268 mm 494 278
2  mm 493 287 mm 491 295
2  mm 491 299 mm 491 301
0  
0  
0  
0  
1  mm 491 302
2  mm 491 303 mm 491 304
2  mm 491 306 mm 491 309
2  mm 491 312 mm 491 314
2  mm 491 316 mm 493 318
1  mm 494 320
1  mm 495 320
0  
1  mm 496 320
2  mm 499 318 mm 500 317
2  mm 502 314 mm 504 310
2  mm 506 309 mm 507 306
1  mm 510 304
2  mm 510 303 mm 511 303
0  
2 T 1549511174.982000 R 
0  
0  
0  
0  
0  
0  
0  
1  mb 1 1 511 303
0  
0  
0  
0  
0  
0  
0  
1  mb 1 0 511 303
0  
0  
0  
0  
0  
0  
0  
0  
0  
0  
0  
0  
0  
0  
0  
0  
0  
0  
0  
0  
1  mm 512 303
1  mm 513 303
0  
0  
0  
0  
1  kd 8 513 303
0  
0  
0  
0  
0  
0  
0  
0  
0  
0  
0  
0  
0  
0  
0  
0  
0  
0  
0  
0  
0  
0  
0  
0  
0  
0  
0  
1  mm 514 303
0  
0  
0  
0  
0  
1  mm 514 304
1  mm 513 304
2  mm 511 304 mm 510 304
1  mm 509 304
2  mm 507 304 mm 505 304
1  mm 504 304
1  mm 503 304
2  mm 502 304 mm 501 304
2  mm 500 304 mm 498 303
2  mm 497 302 mm 496 302
1  mm 496 301
2  mm 494 301 mm 493 300
0  
0  
0  
0  
0  
1  mm 492 299
1  mm 492 298
2  mm 490 297 mm 490 296
2  mm 489 295 mm 489 294
1  mm 488 293
2  mm 487 292 mm 487 291
4 T 1549511176.582000 R mm 486 291 mm 486 290
0  
1  mm 484 288
1  mm 484 287
0  
0  
0  
1  mm 484 286
0  
0  
0  
0  
0  
0  
1  mm 484 285
0  
0  
0  
0  
0  
0  
0  
0  
0  
0  
0  
0  
0  
0  
0  
0  
1  mm 483 284
1  mm 482 284
2  mm 481 284 mm 478 284
2  mm 474 284 mm 470 284
2  mm 465 284 mm 456 284
2  mm 449 284 mm 441 283
2  mm 431 282 mm 420 279
2  mm 411 278 mm 401 276
2  mm 393 274 mm 386 273
2  mm 379 271 mm 372 268
2  mm 366 262 mm 360 261
2  mm 354 257 mm 351 257
2  mm 347 255 mm 346 254
0  
0  
0  
2  mm 346 253 mm 344 250
1  mm 344 246
2  mm 344 245 mm 344 243
1  mm 344 242
1  mm 344 241
1  mm 344 240
2  mm 344 239 mm 344 238
1  mm 344 237
0  
1  ku 8 344 237
0  
0  
0  
0  
0  
1  mm 344 236
2  mm 344 235 mm 344 234
1  mm 344 231
2  mm 344 229 mm 344 227
1  mm 345 225
0  
0  
0  
0  
0  
0  
0  
0  
0  
0  
0  
0  
0  
0  
0  
0  
0  
0  
0  
0  
0  
0  
1  mm 346 225
2  mm 348 227 mm 350 231
2  mm 353 236 mm 356 242
2  mm 358 249 mm 361 256
2  mm 366 267 mm 370 275
2  mm 372 285 mm 377 296
2  mm 382 304 mm 386 312
2  mm 390 321 mm 397 330
2  mm 400 340 mm 403 346
2  mm 410 353 mm 414 360
2  mm 419 366 mm 424 374
4 T 1549511178.182000 R mm 427 378 mm 431 386
2  mm 434 389 mm 435 392
2  mm 437 395 mm 438 397
2  mm 438 398 mm 439 400
1  mm 439 401
1  mm 440 401
0  
0  
0  
0  
0  
0  
0  
0  
0  
0  
1  mm 441 402
2  mm 442 403 mm 447 404
2  mm 450 405 mm 456 407
2  mm 458 407 mm 462 407
2  mm 467 409 mm 468 410
2  mm 470 410 mm 473 411
0  
0  
1  mm 475 412
2  mm 475 414 mm 477 415
2  mm 477 416 mm 478 418
2  mm 478 421 mm 478 424
2  mm 478 426 mm 478 427
2  mm 478 428 mm 478 429
0  
0  
0  
0  
0  
0  
0  
2  mm 476 429 mm 474 427
2  mm 472 425 mm 470 421
2  mm 467 417 mm 461 413
2  mm 459 411 mm 455 406
2  mm 453 403 mm 451 398
2  mm 449 397 mm 447 395
2  mm 445 393 mm 445 392
1  mm 444 391
2  mm 443 391 mm 442 390
1  mm 442 389
0  
0  
0  
0  
0  
0  
0  
0  
0  
0  
0  
0  
2  mm 442 388 mm 445 388
2  mm 453 390 mm 462 393
2  mm 471 397 mm 481 403
2  mm 488 407 mm 496 410
2  mm 502 413 mm 509 416
2  mm 511 418 mm 517 422
2  mm 519 422 mm 520 423
2  mm 523 425 mm 524 425
2  mm 525 426 mm 526 426
2  mm 527 427 mm 528 427
1  mm 529 427
2  mm 530 428 mm 531 428
2  mm 532 428 mm 533 428
2  mm 536 429 mm 538 430
2  mm 542 433 mm 547 435
2  mm 553 439 mm 556 439
2  mm 563 443 mm 568 444
2  mm 573 447 mm 577 448
2  mm 582 450 mm 585 452
2  mm 590 453 mm 593 455
2  mm 596 456 mm 599 457
2  mm 602 457 mm 604 458
1  mm 605 458
0  
0  
0  
1  mm 608 458
2  mm 612 458 mm 619 458
2  mm 625 458 mm 630 456
2  mm 638 454 mm 641 453
2  mm 645 450 mm 648 449
2  mm 651 448 mm 653 446
2  mm 655 445 mm 659 442
2  mm 666 437 mm 674 433
2  mm 682 429 mm 691 425
2  mm 698 424 mm 703 422
1  mm 704 422
0  
0  
0  
0  
2 T 1549511179.783000 R 
1  mm 705 422
2  mm 705 424 mm 705 425
1  mm 705 427
1  mm 705 428
2  mm 705 430 mm 704 430
2  mm 703 431 mm 702 432
2  mm 701 432 mm 697 434
2  mm 695 434 mm 692 435
2  mm 689 435 mm 684 435
2  mm 682 435 mm 679 435
2  mm 676 435 mm 675 435
2  mm 673 434 mm 671 433
2  mm 669 433 mm 667 431
2  mm 665 429 mm 662 427
2  mm 662 425 mm 660 423
2  mm 658 420 mm 656 417
2  mm 654 416 mm 654 414
1  mm 654 413
0  
0  
0  
0  
0  
0  
0  
1  mb 1 1 654 413
0  
0  
0  
0  
1  mb 1 0 654 413
0  
0  
0  
0  
0  
0  
1  mm 653 413
0  
0  
2  mm 652 413 mm 650 417
2  mm 650 418 mm 648 421
2  mm 647 424 mm 645 427
2  mm 644 429 mm 641 432
2  mm 640 434 mm 639 435
2  mm 637 437 mm 636 439
2  mm 634 440 mm 633 442
2  mm 631 443 mm 628 444
2  mm 625 444 mm 622 444
2  mm 620 444 mm 615 443
2  mm 611 441 mm 602 436
2  mm 593 430 mm 580 423
2  mm 565 412 mm 551 405
2  mm 533 389 mm 519 377
2  mm 508 366 mm 500 358
2  mm 495 348 mm 491 340
2  mm 485 329 mm 478 319
2  mm 473 309 mm 466 298
2  mm 461 288 mm 455 279
2  mm 450 269 mm 445 261
2  mm 441 254 mm 440 250
2  mm 436 246 mm 434 244
2  mm 432 242 mm 431 241
1  mm 430 240
0  
0  
0  
0  
0  
0  
0  
1  mm 429 240
0  
0  
0  
0  
1  mm 427 240
2  mm 426 238 mm 423 233
2  mm 420 229 mm 418 227
2  mm 417 225 mm 413 222
2  mm 413 219 mm 410 216
2  mm 408 213 mm 404 211
2  mm 401 208 mm 400 207
2  mm 400 206 mm 399 206
0  
0  
0  
0  
0  
0  
2  mm 399 207 mm 400 212
2  mm 401 216 mm 405 222
2  mm 407 227 mm 409 231
2  mm 414 239 mm 418 243
2  mm 423 251 mm 427 258
2  mm 432 267 mm 439 274
2  mm 442 280 mm 447 286
2  mm 452 293 mm 456 302
2  mm 463 311 mm 468 319
4 T 1549511181.382000 R mm 473 328 mm 477 335
2  mm 480 342 mm 483 349
2  mm 488 354 mm 492 360
2  mm 493 364 mm 496 366
2  mm 496 367 mm 496 369
1  mm 497 370
0  
0  
0  
0  
0  
0  
2  mm 497 368 mm 494 364
2  mm 491 360 mm 487 358
2  mm 481 355 mm 475 352
2  mm 468 348 mm 459 344
2  mm 450 340 mm 439 336
2  mm 427 329 mm 414 326
2  mm 402 322 mm 387 317
2  mm 370 312 mm 352 306
2  mm 338 304 mm 321 303
2  mm 306 299 mm 295 299
2  mm 283 299 mm 274 299
2  mm 263 299 mm 254 299
2  mm 247 300 mm 240 302
2  mm 236 305 mm 233 307
2  mm 228 311 mm 224 315
2  mm 222 320 mm 221 328
2  mm 220 336 mm 219 344
2  mm 218 351 mm 217 359
2  mm 217 363 mm 215 369
2  mm 214 374 mm 213 379
2  mm 210 385 mm 207 389
2  mm 205 393 mm 201 398
2  mm 197 403 mm 195 405
2  mm 193 407 mm 193 408
2  mm 191 409 mm 190 411
2  mm 188 413 mm 187 414
2  mm 182 418 mm 178 422
2  mm 176 424 mm 173 427
2  mm 168 429 mm 166 432
2  mm 164 434 mm 162 436
2  mm 161 438 mm 159 439
2  mm 159 440 mm 158 441
1  mm 158 442
0  
0  
0  
0  
0  
0  
0  
0  
1  mm 158 441
2  mm 158 440 mm 158 438
2  mm 158 436 mm 158 434
2  mm 158 432 mm 158 431
2  mm 158 427 mm 158 425
2  mm 159 423 mm 160 421
2  mm 160 420 mm 161 419
2  mm 161 418 mm 161 417
2  mm 161 415 mm 161 414
1  mm 161 412
0  
0  
0  
0  
0  
0  
0  
0  
0  
0  
2  mm 163 414 mm 164 420
2  mm 164 425 mm 164 430
2  mm 165 437 mm 166 439
2  mm 167 442 mm 167 444
1  mm 167 445
0  
0  
0  
0  
0  
1  mm 167 444
2  mm 167 440 mm 167 436
2  mm 167 432 mm 167 428
2  mm 167 423 mm 167 417
2  mm 167 415 mm 167 411
2  mm 167 408 mm 166 405
2  mm 165 402 mm 165 397
2  mm 164 395 mm 164 393
2  mm 163 392 mm 162 390
0  
0  
0  
0  
0  
0  
0  
0  
2 T 1549511182.984000 R 
0  
0  
0  
0  
0  
0  
0  
0  
0  
0  
0  
0  
0  
0  
0  
0  
0  
0  
0  
0  
0  
0  
0  
0  
0  
0  
0  
0  
0  
0  
0  
0  
0  
0  
0  
0  
0  
0  
0  
0  
0  
0  
0  
0  
0  
0  
0  
0  
0  
0  
0  
0  
0  
0  
0  
0  
0  
0  
0  
0  
0  
0  
0  
0  
0  
0  
0  
0  
0  
0  
0  
0  
0  
0  
0  
0  
0  
0  
0  
0  
0  
0  
0  
0  
0  
0  
1  mb 1 1 162 390
0  
0  
0  
0  
0  
0  
0  
0  
0  
0  
0  
0  
4 T 1549511184.584000 R F 62.499994 mb 1 0 162 390
1 F 62.499994 
3 af 0 af 1 F 62.499994 
1 F 62.499994 
1 F 62.499994 
1 F 62.499994 
1 F 62.499994 
1 F 62.499994 
1 F 62.499994 
1 F 62.499994 
1 F 62.499994 
1 F 62.499994 
1 F 62.499994 
1 F 62.499994 
1 F 62.499994 
1 F 62.499994 
1 F 62.499994 
1 F 62.499994 
1 F 62.499994 
1 F 62.499994 
1 F 62.499994 
1 F 62.499994 
1 F 62.499994 
1 F 62.499994 
1 F 62.499994 
1 F 62.499994 
1 F 62.499994 
1 F 62.499994 
1 F 62.499994 
1 F 62.499994 
1 F 62.499994 
1 F 62.499994 
1 F 62.499994 
1 F 62.499994 
1 F 62.499994 
1 F 62.499994 
1 F 62.499994 
1 F 62.499994 
1 F 62.499994 
1 F 62.499994 
1 F 62.499994 
2 F 62.499994 mm 162 391
3 F 62.499994 mm 162 392 mm 162 393
3 F 62.499994 mm 162 395 mm 160 398
3 F 62.499994 mm 160 402 mm 159 404
3 F 62.499994 mm 159 407 mm 158 409
3 F 62.499994 mm 158 411 mm 157 413
3 F 62.499994 mm 157 415 mm 156 417
3 F 62.499994 mm 156 418 mm 155 421
3 F 62.499994 mm 154 423 mm 153 426
3 F 62.499994 mm 152 429 mm 152 430
3 F 62.499994 mm 151 432 mm 151 434
3 F 62.499994 mm 150 438 mm 149 439
3 F 62.499994 mm 148 441 mm 148 444
3 F 62.499994 mm 147 445 mm 145 447
3 F 62.499994 mm 145 448 mm 144 450
2 F 62.499994 mm 143 452
2 F 62.499994 mm 142 454
2 F 62.499994 mm 141 455
3 F 62.499994 mm 141 457 mm 139 458
3 F 62.499994 mm 139 459 mm 138 459
3 F 62.499994 mm 138 460 mm 137 461
3 F 62.499994 mm 137 462 mm 137 463
3 F 62.499994 mm 136 464 mm 136 465
3 F 62.499994 mm 134 467 mm 134 468
2 F 62.499994 mm 133 469
3 F 62.499994 mm 132 470 mm 131 472
2 F 62.499994 mm 130 472
3 F 62.499994 mm 130 473 mm 129 474
3 F 62.499994 mm 128 475 mm 127 477
3 F 62.499994 mm 126 477 mm 125 478
2 F 62.499994 mm 124 478
2 F 62.499994 mm 123 478
1 F 62.499994 
1 F 62.499994 
1 F 62.499994 
2 F 62.499994 mm 122 479
2 F 62.499994 mm 120 479
3 F 62.499994 mm 119 479 mm 116 479
3 F 62.499994 mm 115 479 mm 112 479
3 F 62.499994 mm 109 479 mm 105 479
3 F 62.499994 mm 103 479 mm 101 479
2 F 62.499994 mm 98 479
2 F 62.499994 mm 97 479
1 F 62.499994 
1 F 62.499994 
1 F 62.499994 
1 F 62.499994 
1 F 62.499994 
1 F 62.499994 
1 F 62.499994 
1 F 62.499994 
1 F 62.499994 
1 F 62.499994 
2 F 62.499994 mm 96 479
2 F 62.499994 mm 95 479
2 F 62.499994 mm 94 479
3 F 62.499994 mm 92 479 mm 91 479
2 F 62.499994 mm 90 479
3 F 62.499994 mm 89 479 mm 88 479
3 T 1549511186.183000 R F 62.539088 
1 F 62.539088 
1 F 62.539088 
1 F 62.539088 
1 F 62.539088 
2 F 62.539088 mm 87 479
2 F 62.539088 mm 86 479
1 F 62.539088 
2 F 62.539088 mm 85 479
2 F 62.539088 mm 83 479
2 F 62.539088 mm 82 479
1 F 62.539088 
1 F 62.539088 
2 F 62.539088 mm 81 479
2 F 62.539088 mm 80 479
2 F 62.539088 mm 79 479
1 F 62.539088 
1 F 62.539088 
1 F 62.539088 
1 F 62.539088 
1 F 62.539088 
1 F 62.539088 
2 F 62.539088 mb 1 1 79 479
1 F 62.539088 
1 F 62.539088 
1 F 62.539088 
1 F 62.539088 
1 F 62.539088 
1 F 62.539088 
1 F 62.539088 
1 F 62.539088 
1 F 62.539088 
1 F 62.539088 
3 T 1549511186.714000 T 1549511186.715000 mb 1 0 79 479
1 T 1549511186.727000 
1 T 1549511186.743000 
1 T 1549511186.760000 
1 T 1549511186.775000 
1 T 1549511186.792000 
1 T 1549511186.808000 
1 T 1549511186.824000 
1 T 1549511186.840000 
1 T 1549511186.856000 
1 T 1549511186.872000 
1 T 1549511186.887000 
2 T 1549511186.903000 mm 80 479
3 T 1549511186.920000 mm 82 479 mm 87 482
3 T 1549511186.935000 mm 91 482 mm 97 483
3 T 1549511186.952000 mm 103 484 mm 107 485
3 T 1549511186.968000 mm 111 486 mm 115 486
3 T 1549511186.984000 mm 118 487 mm 122 488
3 T 1549511187.000000 mm 124 489 mm 126 490
3 T 1549511187.016000 mm 129 491 mm 133 492
3 T 1549511187.032000 mm 136 493 mm 137 493
3 T 1549511187.048000 mm 140 493 mm 143 493
3 T 1549511187.064000 mm 146 493 mm 149 493
3 T 1549511187.080000 mm 151 493 mm 154 493
3 T 1549511187.096000 mm 158 493 mm 161 493
3 T 1549511187.112000 mm 163 493 mm 166 493
3 T 1549511187.128000 mm 168 493 mm 172 493
3 T 1549511187.144000 mm 176 493 mm 179 493
3 T 1549511187.160000 mm 180 493 mm 183 493
3 T 1549511187.175000 mm 185 493 mm 186 493
3 T 1549511187.191000 mm 187 493 mm 187 492
1 T 1549511187.208000 
1 T 1549511187.224000 
1 T 1549511187.240000 
1 T 1549511187.256000 
2 T 1549511187.271000 mm 188 492
2 T 1549511187.288000 mm 188 491
3 T 1549511187.303000 mm 188 490 mm 188 489
2 T 1549511187.320000 mm 188 488
3 T 1549511187.335000 mm 188 487 mm 187 486
2 T 1549511187.351000 mm 186 486
3 T 1549511187.368000 mm 185 485 mm 184 485
2 T 1549511187.383000 mm 183 485
1 T 1549511187.400000 
3 T 1549511187.416000 mm 181 485 mm 180 484
2 T 1549511187.431000 mm 178 483
2 T 1549511187.448000 mm 176 483
3 T 1549511187.464000 mm 174 482 mm 172 482
2 T 1549511187.480000 mm 171 482
2 T 1549511187.496000 mm 169 481
2 T 1549511187.512000 mm 168 481
2 T 1549511187.527000 mm 167 481
2 T 1549511187.543000 mm 166 481
1 T 1549511187.560000 
2 T 1549511187.576000 mm 165 481
1 T 1549511187.592000 
1 T 1549511187.608000 
1 T 1549511187.623000 
1 T 1549511187.640000 
1 T 1549511187.655000 
1 T 1549511187.671000 
1 T 1549511187.688000 
1 T 1549511187.703000 
1 T 1549511187.720000 
1 T 1549511187.736000 
1 T 1549511187.752000 
1 T 1549511187.768000 
3 T 1549511187.783000 R T 1549511187.784000 
1 T 1549511187.800000 
1 T 1549511187.816000 
0  
0  
0  
0  
0  
0  
0  
0  
0  
0  
0  
2  mm 168 480 mm 172 480
2  mm 176 478 mm 178 477
2  mm 180 477 mm 184 476
2  mm 190 476 mm 197 473
2  mm 206 473 mm 214 472
0  
0  
0  
0  
0  
0  
0  
0  
0  
0  
0  
0  
0  
0  
0  
0  
2  mm 220 468 mm 226 465
2  mm 234 463 mm 241 463
2  mm 248 462 mm 251 462
2  mm 255 462 mm 258 462
2  mm 260 462 mm 260 461
1  mm 261 460
1  mm 261 459
1  mm 261 458
0  
0  
2  mm 261 457 mm 260 457
2  mm 259 457 mm 257 457
2  mm 255 457 mm 253 457
2  mm 250 457 mm 249 457
2  mm 248 457 mm 247 457
2  mm 244 457 mm 243 457
2  mm 241 457 mm 240 457
1  mm 238 458
1  mm 237 458
0  
0  
0  
0  
2  mm 237 459 mm 237 460
2  mm 237 463 mm 240 464
2  mm 244 464 mm 250 465
2  mm 258 465 mm 264 465
2  mm 275 465 mm 287 465
2  mm 298 465 mm 312 464
2  mm 326 461 mm 342 460
2  mm 361 456 mm 384 453
2  mm 406 445 mm 437 437
3  mm 459 429 mm 491 417 mm 510 412
2  mm 534 405 mm 559 396
2  mm 579 390 mm 594 385
1  mm 615 377
3  mm 628 375 mm 636 371 mm 642 370
1  mm 643 370
0  
2  mm 640 370 mm 636 370
2  mm 630 372 mm 622 375
1  mm 615 379
3  mm 607 382 mm 596 387 mm 586 390
1  mm 573 395
3  mm 552 403 mm 535 409 mm 513 416
2  mm 489 421 mm 462 425
2  mm 433 429 mm 406 433
2  mm 370 441 mm 336 442
1  mm 315 445
3  mm 289 450 mm 266 453 mm 247 456
1  mm 228 458
2  mm 206 463 mm 190 464
3  mm 175 467 mm 163 470 mm 149 472
1  mm 137 473
3  mm 125 475 mm 117 476 mm 111 477
2  mm 107 478 mm 102 479
2  mm 99 480 mm 95 481
2  mm 90 481 mm 86 481
1  mm 82 482
2  mm 81 482 mm 80 482
0  
0  
0  
1  mm 79 483
0  
5 T 1549511189.385000 R mm 79 484 mm 80 486 mm 85 486
1  mm 92 486
2  mm 97 486 mm 103 486
2  mm 110 486 mm 114 486
3  mm 119 486 mm 123 486 mm 126 486
1  mm 129 486
3  mm 131 486 mm 132 486 mm 133 486
0  
0  
0  
2  mm 135 486 mm 137 486
2  mm 138 486 mm 139 486
2  mm 141 486 mm 142 486
2  mm 145 486 mm 146 486
0  
1  mm 148 485
0  
0  
0  
0  
0  
0  
0  
0  
0  
0  
0  
0  
0  
0  
0  
1  mb 1 1 148 485
0  
0  
0  
0  
0  
0  
1  mb 1 0 148 485
