1549515738 seed, 60 fps, 800x600, fullScreen=1, version197_mouseSpeed1.000000_musicOff0_musicLoudness1.000000_webRetrySeconds16 58FFC586C8FE431EE91D6C2A662A93F9CF262F2E
2 T 1549515739.251000 mm 400 300
1 T 1549515739.799000 
0  
0  
0  
0  
0  
0  
0  
0  
0  
0  
0  
0  
0  
0  
0  
0  
0  
0  
0  
0  
0  
0  
0  
0  
0  
0  
0  
0  
0  
0  
0  
0  
0  
0  
0  
0  
0  
0  
0  
0  
0  
0  
0  
0  
0  
0  
0  
0  
0  
0  
0  
0  
0  
0  
0  
0  
0  
0  
0  
0  
0  
0  
0  
0  
0  
0  
0  
0  
0  
0  
0  
0  
0  
0  
0  
0  
0  
0  
0  
0  
0  
0  
0  
0  
0  
0  
0  
0  
0  
0  
0  
0  
0  
0  
0  
0  
0  
2 T 1549515741.494000 R 
0  
0  
0  
0  
0  
0  
0  
0  
0  
0  
0  
0  
0  
0  
0  
0  
16 T 1549515742.327000 T 1549515742.328000 mm 378 512 mm 374 509 mm 371 505 mm 364 500 mm 360 497 mm 353 493 mm 351 491 mm 349 491 mm 348 488 mm 346 488 mm 345 487 mm 344 487 mm 344 486 mm 343 485
1 T 1549515742.343000 
1 T 1549515742.359000 
1 T 1549515742.376000 
1 T 1549515742.391000 
1 T 1549515742.408000 
1 T 1549515742.425000 
1 T 1549515742.440000 
1 T 1549515742.455000 
1 T 1549515742.472000 
1 T 1549515742.487000 
1 T 1549515742.504000 
1 T 1549515742.520000 
3 T 1549515742.535000 mm 341 483 mm 339 480
3 T 1549515742.551000 mm 338 477 mm 338 475
3 T 1549515742.567000 mm 337 474 mm 335 472
3 T 1549515742.583000 mm 334 471 mm 332 470
3 T 1549515742.600000 mm 331 467 mm 329 464
3 T 1549515742.616000 mm 328 463 mm 328 462
3 T 1549515742.632000 mm 327 461 mm 326 459
3 T 1549515742.648000 mm 324 456 mm 322 454
3 T 1549515742.663000 mm 320 452 mm 318 448
3 T 1549515742.679000 mm 316 445 mm 312 441
3 T 1549515742.696000 mm 310 439 mm 309 438
3 T 1549515742.711000 mm 306 435 mm 305 434
3 T 1549515742.728000 mm 303 432 mm 300 430
3 T 1549515742.744000 mm 299 429 mm 297 427
3 T 1549515742.759000 mm 295 426 mm 294 425
3 T 1549515742.776000 mm 292 424 mm 290 423
3 T 1549515742.793000 mm 287 423 mm 284 422
3 T 1549515742.808000 mm 279 421 mm 276 421
3 T 1549515742.823000 mm 272 421 mm 266 421
3 T 1549515742.839000 mm 263 421 mm 259 421
3 T 1549515742.856000 mm 256 421 mm 254 421
3 T 1549515742.872000 mm 252 421 mm 249 421
3 T 1549515742.887000 mm 246 421 mm 240 423
3 T 1549515742.904000 mm 238 425 mm 233 427
3 T 1549515742.919000 mm 230 429 mm 225 432
3 T 1549515742.935000 mm 223 433 mm 218 436
3 T 1549515742.952000 mm 213 438 mm 208 439
3 T 1549515742.968000 mm 204 441 mm 200 443
3 T 1549515742.983000 mm 197 443 mm 193 445
3 T 1549515742.999000 mm 189 446 mm 185 446
3 T 1549515743.016000 mm 183 446 mm 179 446
3 T 1549515743.032000 mm 177 446 mm 174 446
3 T 1549515743.048000 mm 172 446 mm 171 446
3 T 1549515743.063000 mm 168 445 mm 167 444
3 T 1549515743.080000 mm 165 441 mm 164 440
3 T 1549515743.096000 mm 162 438 mm 160 435
3 T 1549515743.111000 mm 157 434 mm 157 432
3 T 1549515743.127000 mm 156 431 mm 154 429
3 T 1549515743.144000 mm 153 428 mm 153 426
3 T 1549515743.159000 mm 153 425 mm 153 424
3 T 1549515743.176000 mm 152 422 mm 152 420
3 T 1549515743.191000 mm 151 417 mm 151 414
3 T 1549515743.208000 mm 150 411 mm 147 407
3 T 1549515743.224000 mm 146 404 mm 146 401
3 T 1549515743.239000 mm 144 394 mm 144 392
3 T 1549515743.256000 mm 144 389 mm 143 387
3 T 1549515743.272000 mm 143 384 mm 143 381
3 T 1549515743.287000 mm 143 378 mm 143 377
3 T 1549515743.304000 mm 143 374 mm 143 373
3 T 1549515743.319000 mm 143 371 mm 143 370
3 T 1549515743.335000 mm 143 369 mm 143 368
1 T 1549515743.352000 
1 T 1549515743.367000 
1 T 1549515743.383000 
1 T 1549515743.400000 
1 T 1549515743.416000 
1 T 1549515743.431000 
0  
0  
0  
0  
0  
0  
0  
0  
0  
0  
0  
0  
0  
2 T 1549515743.656000 R 
0  
0  
0  
0  
0  
0  
0  
0  
0  
0  
0  
0  
0  
0  
0  
0  
0  
1  mm 143 369
2  mm 142 370 mm 141 371
1  mm 141 372
0  
0  
0  
0  
0  
0  
0  
0  
0  
0  
0  
0  
0  
0  
0  
0  
0  
0  
0  
0  
0  
0  
0  
0  
0  
0  
0  
0  
0  
0  
0  
0  
0  
0  
0  
0  
0  
0  
0  
0  
0  
0  
0  
0  
0  
0  
0  
0  
0  
0  
0  
0  
0  
0  
0  
0  
0  
0  
0  
0  
0  
0  
0  
0  
0  
0  
0  
0  
0  
0  
0  
0  
0  
0  
0  
0  
0  
1  mm 141 373
2  mm 140 374 mm 140 375
4 T 1549515745.255000 R mm 139 377 mm 139 379
1  mm 138 380
0  
0  
0  
0  
0  
0  
0  
0  
0  
1  mb 1 1 138 380
0  
0  
0  
0  
0  
2 F 62.539078 mb 1 0 138 380
1 F 62.539078 
3 af 0 af 1 F 62.539078 
1 F 62.539078 
1 F 62.539078 
1 F 62.539078 
1 F 62.539078 
1 F 62.539078 
3 F 62.539078 mm 138 381 mm 140 383
3 F 62.539078 mm 146 385 mm 151 386
3 F 62.539078 mm 158 389 mm 164 390
3 F 62.539078 mm 174 393 mm 183 394
3 F 62.539078 mm 189 395 mm 196 395
3 F 62.539078 mm 200 396 mm 205 398
3 F 62.539078 mm 209 398 mm 214 398
3 F 62.539078 mm 218 400 mm 225 400
3 F 62.539078 mm 228 400 mm 231 400
3 F 62.539078 mm 234 400 mm 238 400
3 F 62.539078 mm 244 400 mm 250 400
3 F 62.539078 mm 257 400 mm 267 401
3 F 62.539078 mm 275 402 mm 284 405
3 F 62.539078 mm 292 405 mm 299 406
3 F 62.539078 mm 309 407 mm 317 409
3 F 62.539078 mm 327 410 mm 337 411
3 F 62.539078 mm 346 411 mm 356 412
3 F 62.539078 mm 364 412 mm 371 412
3 F 62.539078 mm 379 412 mm 384 412
3 F 62.539078 mm 390 412 mm 396 410
3 F 62.539078 mm 400 408 mm 409 404
3 F 62.539078 mm 412 403 mm 416 398
3 F 62.539078 mm 417 397 mm 420 394
3 F 62.539078 mm 423 391 mm 425 390
1 F 62.539078 
5 F 62.539078 mm 432 386 mm 439 382 mm 443 378 mm 446 377
3 F 62.539078 mm 448 376 mm 449 375
2 F 62.539078 mm 450 375
1 F 62.539078 
1 F 62.539078 
1 F 62.539078 
2 F 62.539078 mm 450 377
3 F 62.539078 mm 450 381 mm 449 387
3 F 62.539078 mm 449 390 mm 447 395
3 F 62.539078 mm 444 400 mm 441 405
3 F 62.539078 mm 439 409 mm 437 411
3 F 62.539078 mm 434 412 mm 432 413
3 F 62.539078 mm 429 413 mm 422 413
3 F 62.539078 mm 416 413 mm 411 413
3 F 62.539078 mm 404 413 mm 395 412
3 F 62.539078 mm 388 411 mm 379 409
3 F 62.539078 mm 367 407 mm 358 406
3 F 62.539078 mm 348 406 mm 340 403
3 F 62.539078 mm 331 403 mm 326 401
3 F 62.539078 mm 321 400 mm 316 395
3 F 62.539078 mm 313 394 mm 311 393
2 F 62.539078 mm 309 392
1 F 62.539078 
1 F 62.539078 
1 F 62.539078 
1 F 62.539078 
1 F 62.539078 
2 F 62.539078 mm 309 391
2 F 62.539078 mm 308 391
1 F 62.539078 
1 F 62.539078 
2 F 62.539078 mm 307 391
1 F 62.539078 
1 F 62.539078 
3 F 62.539078 mm 306 391 mm 306 390
1 F 62.539078 
2 F 62.539078 mm 305 390
3 F 62.539078 mm 304 389 mm 303 389
1 F 62.539078 
3 F 62.539078 mm 302 389 mm 302 388
1 F 62.539078 
1 F 62.539078 
1 F 62.539078 
1 F 62.539078 
2 F 62.539078 mb 1 1 302 388
1 F 62.539078 
1 F 62.539078 
1 F 62.539078 
1 F 62.539078 
1 F 62.539078 
4 T 1549515746.856000 R F 62.460968 mb 1 0 302 388
1 F 62.460968 
1 F 62.460968 
1 F 62.460968 
2 F 62.460968 mm 301 388
3 F 62.460968 mm 295 388 mm 287 389
3 F 62.460968 mm 276 391 mm 261 395
3 F 62.460968 mm 244 402 mm 227 404
3 F 62.460968 mm 205 410 mm 180 412
3 F 62.460968 mm 153 417 mm 131 418
3 F 62.460968 mm 112 421 mm 92 425
3 F 62.460968 mm 80 426 mm 67 430
3 F 62.460968 mm 60 431 mm 52 432
3 F 62.460968 mm 47 432 mm 43 433
3 F 62.460968 mm 40 434 mm 36 435
3 F 62.460968 mm 33 436 mm 30 438
3 F 62.460968 mm 27 439 mm 22 441
3 F 62.460968 mm 20 443 mm 17 444
3 F 62.460968 mm 13 446 mm 11 448
3 F 62.460968 mm 10 448 mm 10 449
1 F 62.460968 
1 F 62.460968 
1 F 62.460968 
1 F 62.460968 
1 F 62.460968 
3 F 62.460968 mm 9 449 mm 9 451
3 F 62.460968 mm 11 451 mm 15 454
3 F 62.460968 mm 20 456 mm 26 459
3 F 62.460968 mm 30 460 mm 36 462
3 F 62.460968 mm 41 465 mm 44 465
3 F 62.460968 mm 47 467 mm 52 467
2 F 62.460968 mm 54 469
2 F 62.460968 mm 56 469
1 F 62.460968 
1 F 62.460968 
1 F 62.460968 
1 F 62.460968 
1 F 62.460968 
1 F 62.460968 
2 F 62.460968 mb 1 1 56 469
1 F 62.460968 
1 F 62.460968 
1 F 62.460968 
1 F 62.460968 
1 F 62.460968 
1 F 62.460968 
3 T 1549515747.592000 T 1549515747.593000 mb 1 0 56 469
1 T 1549515747.609000 
1 T 1549515747.624000 
3 T 1549515747.641000 mm 57 469 mm 63 469
3 T 1549515747.656000 mm 69 469 mm 77 465
3 T 1549515747.672000 mm 85 462 mm 97 458
3 T 1549515747.689000 mm 109 456 mm 125 451
3 T 1549515747.705000 mm 143 443 mm 163 438
3 T 1549515747.720000 mm 187 430 mm 213 422
3 T 1549515747.737000 mm 232 417 mm 252 410
3 T 1549515747.752000 mm 272 404 mm 289 398
3 T 1549515747.769000 mm 302 393 mm 316 391
3 T 1549515747.785000 mm 335 388 mm 351 385
3 T 1549515747.801000 mm 368 383 mm 378 380
3 T 1549515747.817000 mm 389 377 mm 400 373
3 T 1549515747.833000 mm 410 368 mm 420 366
3 T 1549515747.848000 mm 430 363 mm 441 361
3 T 1549515747.865000 mm 449 361 mm 459 358
3 T 1549515747.881000 mm 469 356 mm 481 353
3 T 1549515747.897000 mm 490 349 mm 499 344
3 T 1549515747.913000 mm 506 340 mm 513 337
3 T 1549515747.928000 mm 517 334 mm 523 329
3 T 1549515747.944000 mm 529 325 mm 533 323
3 T 1549515747.961000 mm 538 320 mm 542 317
3 T 1549515747.976000 mm 546 314 mm 548 312
3 T 1549515747.992000 mm 550 312 mm 551 311
1 T 1549515748.009000 
1 T 1549515748.024000 
1 T 1549515748.040000 
2 T 1549515748.057000 mm 553 313
3 T 1549515748.073000 mm 553 316 mm 555 320
3 T 1549515748.089000 mm 558 324 mm 559 327
3 T 1549515748.105000 mm 559 330 mm 562 337
3 T 1549515748.121000 mm 564 340 mm 565 343
3 T 1549515748.137000 mm 569 347 mm 571 348
3 T 1549515748.153000 mm 574 351 mm 575 352
2 T 1549515748.169000 mm 577 352
3 T 1549515748.184000 mm 578 353 mm 579 353
2 T 1549515748.201000 mm 580 353
2 T 1549515748.216000 mm 581 353
3 T 1549515748.233000 mm 583 353 mm 584 353
3 T 1549515748.248000 mm 585 353 mm 588 352
3 T 1549515748.265000 mm 590 351 mm 594 349
3 T 1549515748.281000 mm 595 349 mm 598 348
3 T 1549515748.296000 mm 600 347 mm 604 345
3 T 1549515748.313000 mm 608 343 mm 611 342
3 T 1549515748.329000 mm 615 338 mm 622 334
3 T 1549515748.345000 mm 627 331 mm 633 327
3 T 1549515748.361000 mm 639 323 mm 645 319
3 T 1549515748.376000 mm 649 316 mm 655 311
3 T 1549515748.393000 mm 660 306 mm 664 302
2 T 1549515748.408000 mm 669 299
3 T 1549515748.425000 mm 676 290 mm 681 286
3 T 1549515748.441000 mm 685 284 mm 691 277
5 T 1549515748.456000 R T 1549515748.457000 mm 697 272 mm 704 268
3 T 1549515748.473000 mm 707 265 mm 708 262
3 T 1549515748.489000 mm 709 262 mm 709 261
2 T 1549515748.505000 mm 711 260
1 T 1549515748.521000 
1 T 1549515748.536000 
1 T 1549515748.552000 
1 T 1549515748.569000 
1 T 1549515748.585000 
1 T 1549515748.601000 
1 T 1549515748.618000 
1 T 1549515748.633000 
1 T 1549515748.650000 
1 T 1549515748.665000 
1 T 1549515748.681000 
1 T 1549515748.697000 
0  
0  
0  
0  
0  
0  
0  
0  
0  
0  
0  
0  
0  
1  mm 711 259
0  
1  mm 711 258
1  mm 711 257
0  
0  
1  mm 711 256
0  
1  mm 710 256
2  mm 709 256 mm 708 256
2  mm 707 256 mm 706 256
2  mm 704 257 mm 702 258
2  mm 699 260 mm 698 261
2  mm 697 261 mm 694 264
2  mm 692 265 mm 687 269
2  mm 684 270 mm 678 275
2  mm 676 276 mm 675 277
2  mm 673 278 mm 673 279
1  mm 671 279
0  
0  
0  
0  
2  mm 669 278 mm 667 274
2  mm 665 268 mm 663 261
2  mm 661 258 mm 658 252
2  mm 658 249 mm 656 246
2  mm 655 242 mm 654 239
2  mm 653 237 mm 651 234
2  mm 651 233 mm 651 232
0  
0  
0  
0  
0  
0  
0  
0  
0  
0  
0  
0  
0  
0  
0  
0  
0  
0  
0  
0  
0  
0  
0  
0  
0  
0  
0  
0  
0  
0  
0  
0  
0  
0  
0  
0  
0  
0  
0  
0  
0  
2 T 1549515750.057000 R 
0  
0  
0  
0  
0  
0  
0  
0  
0  
0  
0  
0  
0  
0  
0  
0  
1  mm 651 231
0  
0  
0  
0  
0  
1  mm 651 230
0  
0  
0  
0  
0  
0  
2  mm 652 230 mm 653 230
1  mm 653 229
0  
0  
1  mm 654 229
0  
1  mm 655 228
1  mm 655 227
1  mm 656 227
1  mm 656 225
0  
1  mm 656 224
0  
1  mm 656 222
0  
0  
0  
0  
0  
0  
0  
0  
0  
0  
0  
0  
0  
0  
0  
0  
0  
0  
0  
0  
0  
0  
0  
0  
0  
0  
0  
0  
0  
0  
0  
0  
0  
0  
0  
0  
0  
0  
0  
0  
0  
0  
0  
0  
0  
0  
0  
0  
0  
0  
0  
0  
0  
1  mm 656 221
0  
0  
2 T 1549515751.657000 R 
0  
0  
0  
0  
0  
0  
2  mm 656 223 mm 656 225
2  mm 654 229 mm 652 234
2  mm 649 238 mm 647 242
2  mm 646 246 mm 645 251
2  mm 644 255 mm 643 258
2  mm 643 260 mm 642 262
2  mm 642 264 mm 642 268
2  mm 641 270 mm 641 271
2  mm 641 273 mm 640 275
1  mm 640 277
2  mm 640 279 mm 640 281
2  mm 640 284 mm 640 285
2  mm 639 287 mm 639 288
2  mm 639 290 mm 639 292
0  
1  mm 639 294
0  
0  
0  
0  
0  
0  
0  
0  
0  
0  
0  
0  
0  
0  
0  
0  
0  
0  
0  
0  
0  
0  
0  
0  
0  
0  
0  
0  
0  
0  
0  
0  
0  
0  
0  
0  
0  
0  
0  
0  
0  
0  
0  
0  
0  
0  
0  
0  
0  
0  
0  
0  
0  
0  
0  
0  
0  
0  
0  
0  
0  
0  
0  
0  
0  
0  
0  
0  
0  
0  
0  
0  
0  
0  
0  
0  
0  
3 T 1549515753.256000 R mb 1 1 639 294
0  
0  
0  
0  
0  
0  
0  
0  
0  
0  
0  
0  
0  
0  
0  
0  
0  
0  
0  
0  
0  
0  
0  
0  
0  
0  
0  
0  
0  
0  
0  
0  
0  
0  
0  
0  
0  
0  
0  
0  
0  
0  
0  
0  
0  
0  
0  
0  
0  
0  
0  
0  
0  
0  
0  
0  
0  
2  md 638 290 md 638 285
2  md 637 280 md 636 276
2  md 636 272 md 635 269
2  md 635 265 md 635 262
2  md 635 260 md 635 258
1  md 635 251
2  md 635 248 md 635 246
2  md 635 245 md 635 243
2  md 635 242 md 635 240
1  md 635 239
1  md 635 237
1  md 635 236
0  
0  
0  
0  
0  
0  
1  mb 1 0 635 236
0  
0  
0  
0  
0  
0  
0  
0  
0  
2  mm 634 236 mm 630 237
2  mm 625 242 mm 618 247
2  mm 612 251 mm 606 257
2  mm 600 262 mm 593 268
2  mm 585 272 mm 580 279
1  mm 565 289
2  mm 556 293 mm 552 300
2  mm 542 307 mm 525 319
2  mm 515 327 mm 503 338
2  mm 489 347 mm 476 356
2  mm 464 364 mm 452 372
2  mm 440 380 mm 423 390
2  mm 409 402 mm 394 410
2  mm 379 419 mm 360 431
4 T 1549515754.856000 R mm 348 438 mm 327 452
2  mm 310 461 mm 295 470
1  mm 278 477
3  mm 261 484 mm 248 488 mm 230 495
2  mm 215 500 mm 201 503
2  mm 191 507 mm 178 511
2  mm 170 513 mm 161 516
2  mm 153 517 mm 143 518
2  mm 133 519 mm 122 521
2  mm 113 522 mm 104 523
2  mm 98 524 mm 90 527
2  mm 87 527 mm 83 527
2  mm 82 527 mm 80 527
0  
0  
0  
1  mm 79 527
2  mm 79 525 mm 79 523
2  mm 79 520 mm 79 518
2  mm 79 517 mm 80 513
2  mm 80 512 mm 80 509
2  mm 80 507 mm 81 506
1  mm 81 504
2  mm 82 503 mm 82 500
2  mm 83 499 mm 83 498
2  mm 83 496 mm 85 493
2  mm 86 492 mm 87 491
2  mm 88 488 mm 89 488
2  mm 90 487 mm 92 485
2  mm 92 483 mm 92 482
2  mm 94 482 mm 96 481
2  mm 100 479 mm 102 478
2  mm 105 477 mm 109 477
2  mm 113 476 mm 118 476
2  mm 123 474 mm 130 473
2  mm 136 472 mm 141 472
2  mm 144 471 mm 148 471
2  mm 152 470 mm 155 470
1  mm 156 469
0  
1  mm 157 469
0  
0  
0  
0  
0  
0  
0  
0  
0  
0  
1  mb 1 1 157 469
0  
0  
0  
0  
0  
0  
0  
0  
0  
0  
0  
0  
0  
0  
0  
0  
1  mb 1 0 157 469
